426443333222 0 0 0 0 0 5 8 0 0 2 0 8 0 1 0 0 5 0 0 7 0 8 6 0 0 9 0 0 0 7 3 0 0 6 0 0 9 0 0 0 5 0 0 0 1 0 0 0 4 0 0 0 0 0 0 0 0 0 0 0 0 2 0 0 0 2 0 0 7 3 0 0 3 0 4 6 0 8 0 0 5 1 3 9 2 7 5 8 6 4 2 6 8 9 1 4 7 5 3 4 7 5 8 6 3 1 9 2 5 2 7 3 8 1 6 4 9 9 4 3 7 5 6 2 8 1 6 8 1 4 9 2 5 3 7 7 5 6 1 3 9 4 2 8 8 9 2 5 4 7 3 1 6 3 1 4 6 2 8 9 7 5 
426443333321 0 2 0 0 0 0 0 0 0 0 0 0 7 0 2 0 5 8 7 0 5 0 1 0 6 0 0 0 0 0 0 2 3 9 0 0 0 0 3 0 0 1 0 7 0 0 0 0 8 0 0 0 0 0 3 6 0 0 0 0 1 0 5 0 0 0 3 0 6 0 0 0 2 9 8 0 0 0 0 0 4 8 2 6 4 3 5 7 1 9 1 3 9 7 6 2 4 5 8 7 4 5 9 1 8 6 3 2 5 7 4 6 2 3 9 8 1 9 8 3 5 4 1 2 7 6 6 1 2 8 7 9 5 4 3 3 6 7 2 8 4 1 9 5 4 5 1 3 9 6 8 2 7 2 9 8 1 5 7 3 6 4 
426543332222 0 0 2 3 4 0 0 0 0 4 9 8 0 0 6 3 0 0 7 0 1 0 0 8 0 0 6 0 0 0 1 2 0 7 0 0 0 0 4 0 0 0 0 0 0 0 0 6 0 0 7 0 9 0 0 0 0 6 0 0 0 2 0 6 0 0 0 7 0 0 5 0 0 0 0 5 0 0 0 0 1 5 6 2 3 4 1 8 7 9 4 9 8 7 5 6 3 1 2 7 3 1 2 9 8 5 4 6 9 8 5 1 2 3 7 6 4 1 7 4 9 6 5 2 3 8 3 2 6 4 8 7 1 9 5 8 5 3 6 1 4 9 2 7 6 1 9 8 7 2 4 5 3 2 4 7 5 3 9 6 8 1 
426543333320 4 0 0 0 6 0 0 9 0 0 0 8 0 0 4 5 0 0 5 0 0 2 3 0 0 7 0 0 0 7 0 0 2 0 5 0 0 0 0 0 8 0 9 0 0 0 0 6 0 0 0 3 0 0 0 3 0 7 0 0 8 0 5 2 0 0 0 9 0 0 6 0 0 0 0 0 5 0 0 0 9 4 7 3 8 6 5 2 9 1 9 2 8 1 7 4 5 3 6 5 6 1 2 3 9 4 7 8 8 9 7 3 1 2 6 5 4 3 4 2 5 8 6 9 1 7 1 5 6 9 4 7 3 8 2 6 3 9 7 2 1 8 4 5 2 1 5 4 9 8 7 6 3 7 8 4 6 5 3 1 2 9 
427444333321 0 2 0 0 0 7 0 0 8 0 0 0 0 8 0 7 3 0 9 0 0 0 0 0 2 0 0 0 0 0 0 0 0 0 2 0 3 0 0 4 0 0 0 0 9 0 0 9 0 0 0 3 1 0 0 0 5 6 0 4 9 0 0 8 0 6 3 1 0 4 0 0 4 1 0 0 0 0 6 0 0 6 2 3 5 4 7 1 9 8 1 5 4 2 8 9 7 3 6 9 7 8 1 6 3 2 4 5 5 6 7 9 3 1 8 2 4 3 8 1 4 7 2 5 6 9 2 4 9 8 5 6 3 1 7 7 3 5 6 2 4 9 8 1 8 9 6 3 1 5 4 7 2 4 1 2 7 9 8 6 5 3 
427544333221 0 0 0 2 0 0 0 4 3 0 0 0 7 0 0 5 0 0 0 7 0 0 9 0 0 2 0 9 6 0 0 1 0 0 0 0 0 3 0 9 0 0 0 0 7 4 0 0 5 0 2 9 0 0 0 0 1 0 0 9 0 0 5 0 0 0 0 0 8 6 0 4 0 2 0 6 0 0 0 7 0 5 9 8 2 6 1 7 4 3 2 1 4 7 8 3 5 6 9 3 7 6 4 9 5 1 2 8 9 6 5 8 1 7 4 3 2 1 3 2 9 4 6 8 5 7 4 8 7 5 3 2 9 1 6 6 4 1 3 7 9 2 8 5 7 5 3 1 2 8 6 9 4 8 2 9 6 5 4 3 7 1 
427554322222 0 0 5 3 0 0 0 0 9 0 0 0 2 0 0 4 0 0 0 2 0 8 1 0 0 0 3 0 3 0 0 2 1 0 5 0 0 0 0 0 0 6 3 0 0 0 0 0 0 0 0 1 0 8 0 0 7 1 0 2 0 0 4 2 9 0 0 0 3 7 0 0 4 6 0 0 0 0 0 0 0 1 7 5 3 6 4 8 2 9 3 8 6 2 5 9 4 1 7 9 2 4 8 1 7 5 6 3 7 3 8 4 2 1 9 5 6 5 1 9 7 8 6 3 4 2 6 4 2 9 3 5 1 7 8 8 5 7 1 9 2 6 3 4 2 9 1 6 4 3 7 8 5 4 6 3 5 7 8 2 9 1 
428444333322 0 0 0 0 7 1 9 0 0 0 0 4 0 0 0 2 0 0 0 3 5 0 0 0 1 8 0 3 9 7 0 6 0 0 0 0 0 6 0 9 0 0 0 0 0 5 8 0 0 2 4 0 0 0 0 0 0 0 0 0 8 0 0 8 0 0 0 0 7 6 5 0 1 5 9 0 0 0 0 0 3 6 2 8 3 7 1 9 4 5 7 1 4 8 5 9 2 3 6 9 3 5 6 4 2 1 8 7 3 9 7 5 6 8 4 1 2 4 6 2 9 1 3 5 7 8 5 8 1 7 2 4 3 6 9 2 7 6 1 3 5 8 9 4 8 4 3 2 9 7 6 5 1 1 5 9 4 8 6 7 2 3 
428444433222 0 0 0 9 0 0 0 0 0 0 2 0 7 0 0 5 4 6 1 0 6 0 5 0 0 0 0 0 0 4 0 2 1 0 0 8 3 0 1 0 0 0 0 0 0 2 8 0 6 0 0 0 0 5 0 0 0 0 0 0 9 6 0 0 0 2 1 0 9 0 0 0 8 0 0 0 7 5 0 3 0 5 7 8 9 4 6 2 1 3 9 2 3 7 1 8 5 4 6 1 4 6 3 5 2 7 8 9 6 9 4 5 2 1 3 7 8 3 5 1 8 9 7 6 2 4 2 8 7 6 3 4 1 9 5 7 1 5 4 8 3 9 6 2 4 3 2 1 6 9 8 5 7 8 6 9 2 7 5 4 3 1 
428444433222 0 0 0 0 0 8 1 0 0 0 0 1 3 6 0 0 0 7 5 0 6 1 0 9 2 0 0 0 5 0 0 8 0 0 0 3 2 0 9 0 0 0 4 0 0 7 0 0 4 0 0 0 6 2 0 0 0 0 4 0 0 0 0 0 6 0 2 3 0 0 0 0 4 0 0 0 9 1 0 0 0 3 4 7 5 2 8 1 9 6 9 2 1 3 6 4 5 8 7 5 8 6 1 7 9 2 3 4 6 5 4 9 8 2 7 1 3 2 3 9 7 1 6 4 5 8 7 1 8 4 5 3 9 6 2 8 9 2 6 4 5 3 7 1 1 6 5 2 3 7 8 4 9 4 7 3 8 9 1 6 2 5 
428444443221 0 0 0 6 7 0 0 8 0 0 0 7 0 0 0 0 2 0 0 5 0 8 0 0 4 0 3 0 0 0 0 6 0 0 1 0 0 3 0 0 0 0 9 0 2 0 9 2 5 3 0 0 0 0 0 6 3 7 0 0 2 0 1 9 0 0 0 5 0 0 0 6 0 0 0 0 0 0 0 9 7 3 2 4 6 7 5 1 8 9 8 1 7 9 4 3 6 2 5 6 5 9 8 2 1 4 7 3 7 8 5 2 6 9 3 1 4 4 3 6 1 8 7 9 5 2 1 9 2 5 3 4 7 6 8 5 6 3 7 9 8 2 4 1 9 7 1 4 5 2 8 3 6 2 4 8 3 1 6 5 9 7 
428543333322 0 3 0 0 0 0 1 0 7 0 0 8 9 0 0 2 0 6 0 0 0 0 0 7 0 0 0 0 7 0 0 0 1 0 0 0 0 0 5 6 0 0 0 0 9 0 0 6 0 5 0 4 0 1 0 0 0 4 0 0 0 8 2 0 6 0 0 1 0 3 0 0 2 8 0 0 0 5 0 1 4 6 3 4 5 2 8 1 9 7 7 1 8 9 3 4 2 5 6 5 9 2 1 6 7 8 4 3 9 7 3 2 4 1 5 6 8 1 4 5 6 8 3 7 2 9 8 2 6 7 5 9 4 3 1 3 5 1 4 7 6 9 8 2 4 6 9 8 1 2 3 7 5 2 8 7 3 9 5 6 1 4 
428544333222 0 0 0 2 0 0 0 4 3 0 0 0 7 0 0 5 0 0 0 7 0 0 9 0 0 2 0 9 6 0 0 1 0 0 0 0 0 3 0 9 0 0 0 0 7 4 0 0 5 0 2 9 0 0 0 0 1 0 0 9 0 8 5 0 0 0 0 0 8 6 0 4 0 2 0 6 0 0 0 7 0 5 9 8 2 6 1 7 4 3 2 1 4 7 8 3 5 6 9 3 7 6 4 9 5 1 2 8 9 6 5 8 1 7 4 3 2 1 3 2 9 4 6 8 5 7 4 8 7 5 3 2 9 1 6 6 4 1 3 7 9 2 8 5 7 5 3 1 2 8 6 9 4 8 2 9 6 5 4 3 7 1 
428544432222 0 0 0 0 0 5 0 0 4 5 2 0 0 3 0 0 0 0 0 7 0 9 1 8 0 0 0 7 0 0 5 0 0 0 3 0 1 5 0 2 4 0 0 6 0 0 0 9 0 7 1 0 4 0 0 0 7 0 5 0 0 1 0 8 0 0 0 0 2 6 0 0 4 0 0 0 0 0 0 0 0 9 1 6 7 2 5 3 8 4 5 2 8 6 3 4 1 9 7 3 7 4 9 1 8 2 5 6 7 4 2 5 8 6 9 3 1 1 5 3 2 4 9 7 6 8 6 8 9 3 7 1 5 4 2 2 6 7 8 5 3 4 1 9 8 3 1 4 9 2 6 7 5 4 9 5 1 6 7 8 2 3 
428544433221 0 0 0 0 2 0 0 9 7 0 9 0 4 0 7 5 0 0 0 5 0 0 0 8 4 0 1 8 0 0 0 1 0 0 0 5 0 0 0 0 0 0 9 0 0 0 6 0 2 0 5 0 7 0 0 3 0 0 0 0 0 5 0 6 0 0 9 0 2 0 0 8 0 1 0 7 0 0 2 0 0 4 8 6 5 2 1 3 9 7 1 9 2 4 3 7 5 8 6 7 5 3 6 9 8 4 2 1 8 2 7 3 1 9 6 4 5 3 4 5 8 7 6 9 1 2 9 6 1 2 4 5 8 7 3 2 3 8 1 6 4 7 5 9 6 7 4 9 5 2 1 3 8 5 1 9 7 8 3 2 6 4 
428544433221 0 0 0 0 0 0 0 1 0 2 9 0 0 1 3 0 0 0 3 0 0 0 2 7 0 0 8 7 0 5 0 9 0 0 0 0 0 1 0 3 7 6 0 0 0 0 3 0 0 0 0 1 0 7 0 7 0 2 0 4 9 0 0 4 0 0 0 0 0 0 5 0 0 0 0 0 6 5 0 2 0 6 5 7 9 4 8 2 1 3 2 9 8 6 1 3 4 7 5 3 4 1 5 2 7 6 9 8 7 6 5 4 9 1 8 3 2 8 1 2 3 7 6 5 4 9 9 3 4 8 5 2 1 6 7 5 7 6 2 3 4 9 8 1 4 2 3 1 8 9 7 5 6 1 8 9 7 6 5 3 2 4 
428544433221 9 0 8 0 6 0 0 7 0 0 0 7 0 4 0 0 0 0 3 0 0 0 0 0 0 2 6 0 0 0 0 7 0 0 3 0 0 0 1 9 0 0 2 0 0 0 0 3 6 0 4 1 9 0 7 0 0 0 2 3 0 6 4 0 0 0 4 0 0 0 0 0 0 0 6 8 0 0 0 5 0 9 1 8 5 6 2 4 7 3 2 6 7 3 4 9 5 8 1 3 5 4 7 1 8 9 2 6 4 8 9 2 7 1 6 3 5 6 7 1 9 3 5 2 4 8 5 2 3 6 8 4 1 9 7 7 9 5 1 2 3 8 6 4 8 3 2 4 5 6 7 1 9 1 4 6 8 9 7 3 5 2 
428544433221 0 0 0 0 0 6 0 0 8 6 8 0 0 0 0 4 5 0 0 9 0 0 8 5 0 7 0 7 5 0 0 0 0 0 2 0 0 0 0 2 7 9 0 6 0 9 0 0 0 0 1 0 0 0 4 0 0 0 5 0 0 0 0 8 0 2 0 0 0 0 0 3 0 1 0 8 9 7 0 0 0 5 3 7 9 4 6 2 1 8 6 8 1 7 2 3 4 5 9 2 9 4 1 8 5 3 7 6 7 5 6 4 3 8 9 2 1 1 4 3 2 7 9 8 6 5 9 2 8 5 6 1 7 3 4 4 6 9 3 5 2 1 8 7 8 7 2 6 1 4 5 9 3 3 1 5 8 9 7 6 4 2 
428544433320 0 0 2 4 8 0 9 5 0 5 0 0 0 7 0 3 0 0 1 0 0 0 0 2 7 0 8 0 0 0 7 9 0 0 0 0 8 0 0 0 0 0 1 0 5 0 0 4 0 2 0 0 9 0 0 8 3 0 0 0 0 0 0 0 0 7 2 0 4 5 0 0 0 0 0 0 0 0 2 1 0 7 3 2 4 8 6 9 5 1 5 4 8 9 7 1 3 6 2 1 9 6 3 5 2 7 4 8 6 2 1 7 9 5 8 3 4 8 7 9 6 4 3 1 2 5 3 5 4 1 2 8 6 9 7 2 8 3 5 1 9 4 7 6 9 1 7 2 6 4 5 8 3 4 6 5 8 3 7 2 1 9 
428554333221 4 0 2 9 0 0 0 0 5 0 8 5 0 4 0 0 0 0 0 0 7 5 0 0 0 0 8 0 0 0 8 0 6 0 9 7 0 7 0 0 2 4 1 0 0 0 5 3 0 0 0 8 0 0 0 0 0 7 0 0 0 0 9 0 0 6 2 0 5 0 0 0 7 0 0 0 0 0 0 1 0 4 1 2 9 7 8 6 3 5 3 8 5 6 4 2 9 7 1 9 6 7 5 1 3 4 2 8 2 4 1 8 5 6 3 9 7 8 7 9 3 2 4 1 5 6 6 5 3 1 9 7 8 4 2 5 3 4 7 8 1 2 6 9 1 9 6 2 3 5 7 8 4 7 2 8 4 6 9 5 1 3 
428554333320 0 0 0 9 0 0 0 6 4 6 0 0 0 4 0 0 8 5 0 9 0 0 6 0 0 0 0 0 0 0 0 0 3 4 0 0 2 0 6 0 0 0 0 3 0 8 3 4 0 0 0 5 0 0 0 2 0 0 1 4 0 9 3 0 0 8 5 3 0 1 0 0 0 0 0 0 2 0 0 0 0 7 8 2 9 5 1 3 6 4 6 1 3 7 4 2 9 8 5 4 9 5 3 6 8 2 1 7 1 5 9 2 8 3 4 7 6 2 7 6 4 9 5 8 3 1 8 3 4 1 7 6 5 2 9 5 2 7 8 1 4 6 9 3 9 6 8 5 3 7 1 4 2 3 4 1 6 2 9 7 5 8 
428554433211 9 0 0 0 0 2 0 0 0 0 1 0 9 0 0 0 0 0 0 0 0 5 0 8 0 9 2 0 0 0 3 0 7 5 8 0 0 0 8 0 0 4 2 3 0 0 0 9 0 8 0 0 6 0 0 0 0 8 0 0 3 0 0 2 0 6 0 0 0 9 0 0 5 0 3 4 6 0 0 0 0 9 6 5 7 4 2 8 1 3 8 1 2 9 3 6 4 7 5 4 3 7 5 1 8 6 9 2 6 2 4 3 9 7 5 8 1 1 7 8 6 5 4 2 3 9 3 5 9 2 8 1 7 6 4 7 9 1 8 2 5 3 4 6 2 4 6 1 7 3 9 5 8 5 8 3 4 6 9 1 2 7 
428644333221 0 1 0 0 2 4 0 0 3 0 0 0 0 0 0 2 0 6 0 0 0 8 0 6 0 0 0 1 8 0 0 9 0 3 0 0 0 0 5 0 0 2 0 8 0 0 0 0 3 8 7 0 0 0 8 0 7 0 1 0 0 9 2 3 0 0 5 0 0 0 0 0 0 0 9 0 0 8 0 0 5 9 1 6 7 2 4 8 5 3 5 7 8 9 3 1 2 4 6 2 4 3 8 5 6 7 1 9 1 8 2 4 9 5 3 6 7 7 3 5 1 6 2 9 8 4 6 9 4 3 8 7 5 2 1 8 5 7 6 1 3 4 9 2 3 2 1 5 4 9 6 7 8 4 6 9 2 7 8 1 3 5 
428644442211 0 0 0 2 7 1 0 0 9 5 0 0 0 3 0 1 0 0 2 0 0 0 6 0 0 3 7 0 0 1 0 2 0 0 0 3 0 0 0 0 4 0 0 7 6 6 8 0 0 0 3 0 0 0 0 6 4 0 0 0 3 0 1 0 0 2 0 0 0 0 0 0 7 3 0 0 0 0 0 0 5 8 4 3 2 7 1 6 5 9 5 7 6 8 3 9 1 4 2 2 1 9 4 6 5 8 3 7 4 9 1 7 2 6 5 8 3 3 2 5 1 4 8 9 7 6 6 8 7 9 5 3 2 1 4 9 6 4 5 8 7 3 2 1 1 5 2 3 9 4 7 6 8 7 3 8 6 1 2 4 9 5 
428653333221 7 3 0 0 0 0 2 0 0 0 0 0 4 0 0 6 0 7 9 0 0 0 7 0 3 8 0 0 0 9 0 0 0 0 7 0 0 6 0 0 9 0 0 1 0 0 0 7 0 0 2 4 0 0 0 0 0 1 0 7 9 4 0 0 0 0 9 0 3 0 0 8 1 0 0 5 8 0 0 0 0 7 3 1 8 6 9 2 5 4 2 5 8 4 3 1 6 9 7 9 4 6 2 7 5 3 8 1 4 2 9 3 1 8 5 7 6 3 6 5 7 9 4 8 1 2 8 1 7 6 5 2 4 3 9 6 8 3 1 2 7 9 4 5 5 7 2 9 4 3 1 6 8 1 9 4 5 8 6 7 2 3 
429444333332 0 0 9 0 6 0 0 0 0 2 0 0 4 0 0 0 0 8 0 0 0 0 2 3 5 0 9 9 0 8 2 7 0 1 0 0 0 0 0 0 0 0 0 0 0 7 0 4 0 0 0 0 0 5 3 9 1 7 0 8 6 2 0 5 0 0 0 0 1 3 0 0 4 0 0 0 3 0 0 0 0 8 1 9 5 6 7 4 3 2 2 5 3 4 1 9 7 6 8 6 4 7 8 2 3 5 1 9 9 6 8 2 7 5 1 4 3 1 2 5 3 8 4 9 7 6 7 3 4 1 9 6 2 8 5 3 9 1 7 5 8 6 2 4 5 8 2 6 4 1 3 9 7 4 7 6 9 3 2 8 5 1 
429444433322 0 0 0 0 7 1 9 0 0 0 0 4 0 0 0 2 0 0 0 3 5 0 0 0 1 8 0 3 9 7 0 6 0 0 0 0 0 6 0 9 0 0 0 0 0 5 8 0 0 2 4 0 0 0 0 7 0 0 0 0 8 0 0 8 0 0 0 0 7 6 5 0 1 5 9 0 0 0 0 0 3 6 2 8 3 7 1 9 4 5 7 1 4 8 5 9 2 3 6 9 3 5 6 4 2 1 8 7 3 9 7 5 6 8 4 1 2 4 6 2 9 1 3 5 7 8 5 8 1 7 2 4 3 6 9 2 7 6 1 3 5 8 9 4 8 4 3 2 9 7 6 5 1 1 5 9 4 8 6 7 2 3 
429444433322 0 3 2 0 0 0 6 7 0 0 0 4 0 1 0 0 0 2 6 0 0 8 0 0 0 9 0 2 0 3 0 5 0 0 6 0 0 0 0 0 8 0 0 0 0 0 9 0 3 6 0 0 1 0 0 0 0 1 0 0 0 0 0 0 2 0 0 3 0 1 5 8 0 0 0 0 7 5 4 0 9 8 3 2 5 4 9 6 7 1 9 5 4 7 1 6 3 8 2 6 7 1 8 2 3 5 9 4 2 8 3 4 5 1 9 6 7 5 1 6 9 8 7 2 4 3 4 9 7 3 6 2 8 1 5 3 4 5 1 9 8 7 2 6 7 2 9 6 3 4 1 5 8 1 6 8 2 7 5 4 3 9 
429444443222 0 0 0 9 0 0 0 0 0 9 2 0 7 0 0 5 4 6 1 0 6 0 5 0 0 0 0 0 0 4 0 2 1 0 0 8 3 0 1 0 0 0 0 0 0 2 8 0 6 0 0 0 0 5 0 0 0 0 0 0 9 6 0 0 0 2 1 0 9 0 0 0 8 0 0 0 7 5 0 3 0 5 7 8 9 4 6 2 1 3 9 2 3 7 1 8 5 4 6 1 4 6 3 5 2 7 8 9 6 9 4 5 2 1 3 7 8 3 5 1 8 9 7 6 2 4 2 8 7 6 3 4 1 9 5 7 1 5 4 8 3 9 6 2 4 3 2 1 6 9 8 5 7 8 6 9 2 7 5 4 3 1 
429444443321 0 0 0 6 7 0 0 8 0 0 0 7 0 0 0 0 2 0 0 5 0 8 0 0 4 0 3 0 0 0 0 6 0 0 1 0 0 3 0 0 8 0 9 0 2 0 9 2 5 3 0 0 0 0 0 6 3 7 0 0 2 0 1 9 0 0 0 5 0 0 0 6 0 0 0 0 0 0 0 9 7 3 2 4 6 7 5 1 8 9 8 1 7 9 4 3 6 2 5 6 5 9 8 2 1 4 7 3 7 8 5 2 6 9 3 1 4 4 3 6 1 8 7 9 5 2 1 9 2 5 3 4 7 6 8 5 6 3 7 9 8 2 4 1 9 7 1 4 5 2 8 3 6 2 4 8 3 1 6 5 9 7 
429543333332 0 0 0 0 0 0 0 0 2 0 0 0 0 0 7 3 0 0 0 4 0 0 2 0 8 6 0 3 7 0 0 0 0 0 9 4 4 0 0 1 0 0 0 0 8 0 8 1 0 0 0 0 0 5 7 6 0 9 5 0 4 0 0 0 1 0 4 6 0 0 2 0 0 3 0 7 0 0 9 0 0 6 9 7 8 3 1 5 4 2 5 2 8 6 4 7 3 1 9 1 4 3 5 2 9 8 6 7 3 7 6 2 8 5 1 9 4 4 5 9 1 7 6 2 3 8 2 8 1 3 9 4 6 7 5 7 6 2 9 5 3 4 8 1 9 1 5 4 6 8 7 2 3 8 3 4 7 1 2 9 5 6 
429543333332 0 0 0 2 0 0 0 0 3 9 0 0 6 5 0 0 0 2 0 0 0 0 0 0 0 8 9 0 7 0 0 0 6 1 0 0 5 0 0 7 4 0 0 3 0 4 0 0 0 0 2 0 9 0 0 1 0 0 0 0 0 0 0 0 0 9 1 2 0 0 6 8 2 4 0 8 0 3 0 7 0 1 5 7 2 9 8 6 4 3 9 8 3 6 5 4 7 1 2 6 2 4 3 1 7 5 8 9 3 7 2 9 8 6 1 5 4 5 9 8 7 4 1 2 3 6 4 6 1 5 3 2 8 9 7 8 1 6 4 7 9 3 2 5 7 3 9 1 2 5 4 6 8 2 4 5 8 6 3 9 7 1 
429543333332 6 9 7 0 0 0 0 1 0 2 0 0 0 0 0 7 0 0 1 3 0 0 0 5 0 2 0 0 4 2 0 5 0 1 8 0 3 8 0 0 0 0 5 0 2 7 0 0 8 4 0 0 0 0 4 0 0 0 0 0 2 0 0 0 0 0 0 9 7 6 0 0 0 0 0 0 6 0 0 0 9 6 9 7 4 2 8 3 1 5 2 5 4 6 3 1 7 9 8 1 3 8 9 7 5 4 2 6 9 4 2 3 5 6 1 8 7 3 8 6 7 1 9 5 4 2 7 1 5 8 4 2 9 6 3 4 6 9 5 8 3 2 7 1 8 2 3 1 9 7 6 5 4 5 7 1 2 6 4 8 3 9 
429544333322 0 0 0 0 0 0 1 7 5 0 7 0 8 0 4 0 0 0 0 0 0 1 0 0 0 0 0 8 0 0 0 6 0 4 0 3 3 4 7 2 0 0 6 0 0 6 5 0 0 0 0 0 1 0 0 0 0 0 0 6 0 0 2 9 2 0 7 0 0 0 0 0 0 0 5 3 9 2 7 0 0 4 3 8 6 2 9 1 7 5 5 7 1 8 3 4 9 2 6 2 9 6 1 7 5 8 3 4 8 1 2 9 6 7 4 5 3 3 4 7 2 5 1 6 8 9 6 5 9 4 8 3 2 1 7 7 8 4 5 1 6 3 9 2 9 2 3 7 4 8 5 6 1 1 6 5 3 9 2 7 4 8 
429544333331 0 2 0 4 1 0 0 0 0 0 9 0 0 0 0 0 0 2 0 5 0 0 2 9 1 4 8 0 0 9 5 0 0 0 0 0 2 6 0 0 0 7 4 0 0 8 0 0 0 3 0 7 0 0 0 7 2 0 0 8 0 1 0 0 0 6 0 0 0 0 5 0 1 0 0 9 0 0 0 0 6 6 2 8 4 1 3 5 9 7 4 9 1 8 7 5 6 3 2 3 5 7 6 2 9 1 4 8 7 4 9 5 8 6 3 2 1 2 6 3 1 9 7 4 8 5 8 1 5 2 3 4 7 6 9 5 7 2 3 6 8 9 1 4 9 8 6 7 4 1 2 5 3 1 3 4 9 5 2 8 7 6 
429544433222 0 0 0 0 0 6 0 0 8 6 8 0 0 0 0 4 5 0 0 9 0 0 8 5 0 7 0 7 5 0 0 0 0 0 2 0 0 0 0 2 7 9 0 6 0 9 0 0 0 0 1 0 0 0 4 0 0 3 5 0 0 0 0 8 0 2 0 0 0 0 0 3 0 1 0 8 9 7 0 0 0 5 3 7 9 4 6 2 1 8 6 8 1 7 2 3 4 5 9 2 9 4 1 8 5 3 7 6 7 5 6 4 3 8 9 2 1 1 4 3 2 7 9 8 6 5 9 2 8 5 6 1 7 3 4 4 6 9 3 5 2 1 8 7 8 7 2 6 1 4 5 9 3 3 1 5 8 9 7 6 4 2 
429554333321 0 3 2 0 8 7 0 0 1 0 0 1 2 0 0 0 0 5 0 0 7 0 5 0 2 0 0 0 0 8 0 3 2 0 6 4 0 0 0 0 0 0 9 0 0 0 0 0 0 4 0 0 0 7 1 0 6 0 0 0 0 0 0 0 7 0 4 0 0 0 3 6 0 0 4 0 7 0 0 5 2 5 3 2 6 8 7 4 9 1 8 4 1 2 9 3 6 7 5 9 6 7 1 5 4 2 8 3 7 1 8 9 3 2 5 6 4 4 5 3 7 6 1 9 2 8 6 2 9 5 4 8 3 1 7 1 8 6 3 2 5 7 4 9 2 7 5 4 1 9 8 3 6 3 9 4 8 7 6 1 5 2 
429554432222 0 5 0 0 0 0 4 9 0 0 6 0 0 5 0 0 0 0 9 0 2 0 0 0 0 8 0 0 3 0 1 0 6 0 0 9 0 0 7 5 0 0 0 3 0 0 0 1 3 9 0 0 7 0 0 0 0 0 0 7 0 4 2 0 0 0 0 3 5 7 0 8 0 0 0 8 0 9 0 5 0 3 5 8 7 2 1 4 9 6 7 6 4 9 5 8 2 1 3 9 1 2 4 6 3 5 8 7 4 3 5 1 7 6 8 2 9 6 9 7 5 8 2 1 3 4 8 2 1 3 9 4 6 7 5 5 8 3 6 1 7 9 4 2 1 4 9 2 3 5 7 6 8 2 7 6 8 4 9 3 5 1 
429554433221 0 0 0 0 2 0 0 9 7 0 9 0 4 0 7 5 0 0 0 5 0 0 0 8 4 0 1 8 0 0 0 1 0 0 0 5 0 0 0 0 0 0 9 0 0 0 6 0 2 0 5 0 7 0 0 3 0 0 0 0 7 5 0 6 0 0 9 0 2 0 0 8 0 1 0 7 0 0 2 0 0 4 8 6 5 2 1 3 9 7 1 9 2 4 3 7 5 8 6 7 5 3 6 9 8 4 2 1 8 2 7 3 1 9 6 4 5 3 4 5 8 7 6 9 1 2 9 6 1 2 4 5 8 7 3 2 3 8 1 6 4 7 5 9 6 7 4 9 5 2 1 3 8 5 1 9 7 8 3 2 6 4 
429554433221 8 4 6 7 0 0 0 0 0 0 0 7 0 0 0 0 0 6 0 9 0 0 8 0 0 0 0 0 0 0 0 0 0 0 0 8 0 0 5 8 0 1 6 7 9 1 0 8 0 0 6 4 5 0 0 0 0 9 0 0 3 0 0 2 5 0 0 0 3 0 6 0 0 0 0 4 0 0 0 9 5 8 4 6 7 1 9 5 3 2 5 1 7 3 2 4 9 8 6 3 9 2 6 8 5 7 4 1 9 6 3 5 4 7 1 2 8 4 2 5 8 3 1 6 7 9 1 7 8 2 9 6 4 5 3 6 8 4 9 5 2 3 1 7 2 5 9 1 7 3 8 6 4 7 3 1 4 6 8 2 9 5 
429554443211 9 0 0 0 0 2 0 0 0 0 1 0 9 0 6 0 0 0 0 0 0 5 0 8 0 9 2 0 0 0 3 0 7 5 8 0 0 0 8 0 0 4 2 3 0 0 0 9 0 8 0 0 6 0 0 0 0 8 0 0 3 0 0 2 0 6 0 0 0 9 0 0 5 0 3 4 6 0 0 0 0 9 6 5 7 4 2 8 1 3 8 1 2 9 3 6 4 7 5 4 3 7 5 1 8 6 9 2 6 2 4 3 9 7 5 8 1 1 7 8 6 5 4 2 3 9 3 5 9 2 8 1 7 6 4 7 9 1 8 2 5 3 4 6 2 4 6 1 7 3 9 5 8 5 8 3 4 6 9 1 2 7 
429554443211 0 0 0 0 0 0 3 0 8 0 0 0 0 5 3 0 2 6 3 5 0 6 0 0 0 9 0 7 9 0 0 0 0 2 4 1 0 1 0 0 0 9 0 0 3 2 0 0 0 0 0 0 6 0 1 0 5 0 2 6 0 3 0 0 0 0 5 4 0 0 0 0 0 6 0 9 0 0 0 0 0 6 2 1 4 9 7 3 5 8 4 7 9 8 5 3 1 2 6 3 5 8 6 1 2 4 9 7 7 9 6 3 8 5 2 4 1 5 1 4 2 6 9 7 8 3 2 8 3 1 7 4 9 6 5 1 4 5 7 2 6 8 3 9 9 3 7 5 4 8 6 1 2 8 6 2 9 3 1 5 7 4 
429643333322 0 0 0 0 0 0 9 2 0 0 2 0 0 0 0 0 8 3 0 0 5 0 8 3 0 0 7 4 0 0 0 0 9 1 0 0 0 0 9 0 0 7 0 0 5 0 1 8 0 0 0 0 0 0 0 0 0 0 9 8 4 0 1 0 0 4 6 2 0 0 7 9 6 9 0 3 0 0 0 0 0 8 6 3 5 7 1 9 2 4 7 2 1 9 4 6 5 8 3 9 4 5 2 8 3 6 1 7 4 7 6 8 5 9 1 3 2 2 3 9 1 6 7 8 4 5 5 1 8 4 3 2 7 9 6 3 5 2 7 9 8 4 6 1 1 8 4 6 2 5 3 7 9 6 9 7 3 1 4 2 5 8 
429644333321 9 8 0 0 0 6 5 0 2 0 0 0 5 8 0 0 0 0 0 0 0 7 0 9 0 0 0 8 0 5 6 0 3 0 0 0 6 0 1 0 0 0 0 0 4 7 0 3 1 0 0 6 0 0 2 0 0 0 0 7 0 5 0 1 0 0 0 6 0 0 0 0 0 7 6 0 0 0 9 0 3 9 8 7 4 3 6 5 1 2 3 6 2 5 8 1 4 7 9 5 1 4 7 2 9 3 6 8 8 4 5 6 7 3 2 9 1 6 9 1 2 5 8 7 3 4 7 2 3 1 9 4 6 8 5 2 3 8 9 4 7 1 5 6 1 5 9 3 6 2 8 4 7 4 7 6 8 1 5 9 2 3 
429644433221 0 6 4 0 0 0 1 0 0 7 0 0 4 0 0 0 0 8 9 3 0 0 2 0 0 0 0 4 8 0 0 0 9 0 7 1 0 0 0 7 0 0 0 0 2 0 0 7 0 5 0 9 0 0 0 7 2 0 4 0 0 0 5 3 9 0 0 7 8 0 0 0 0 0 0 1 0 2 0 0 0 5 6 4 3 8 7 1 2 9 7 2 1 4 9 5 6 3 8 9 3 8 6 2 1 4 5 7 4 8 3 2 6 9 5 7 1 6 5 9 7 1 3 8 4 2 2 1 7 8 5 4 9 6 3 1 7 2 9 4 6 3 8 5 3 9 6 5 7 8 2 1 4 8 4 5 1 3 2 7 9 6 
429654442211 0 0 0 2 7 1 0 0 9 5 0 0 0 3 0 1 0 0 2 0 0 0 6 0 0 3 7 0 0 1 0 2 0 0 0 3 0 0 0 0 4 0 0 7 6 6 8 0 0 0 3 0 0 0 0 6 4 0 0 0 3 0 1 0 0 2 0 0 0 7 0 0 7 3 0 0 0 0 0 0 5 8 4 3 2 7 1 6 5 9 5 7 6 8 3 9 1 4 2 2 1 9 4 6 5 8 3 7 4 9 1 7 2 6 5 8 3 3 2 5 1 4 8 9 7 6 6 8 7 9 5 3 2 1 4 9 6 4 5 8 7 3 2 1 1 5 2 3 9 4 7 6 8 7 3 8 6 1 2 4 9 5 
429665222222 4 3 0 0 0 0 0 9 0 5 9 0 0 0 0 0 0 3 0 0 0 0 3 0 5 7 0 0 0 0 5 0 0 1 0 0 0 0 0 0 8 0 0 0 4 2 0 0 6 0 0 3 5 9 0 0 0 8 0 0 9 0 5 9 0 2 3 0 5 0 0 0 7 6 0 1 9 0 0 0 0 4 3 1 7 5 8 6 9 2 5 9 7 2 6 1 8 4 3 8 2 6 4 3 9 5 7 1 6 4 9 5 2 3 1 8 7 1 5 3 9 8 7 2 6 4 2 7 8 6 1 4 3 5 9 3 1 4 8 7 6 9 2 5 9 8 2 3 4 5 7 1 6 7 6 5 1 9 2 4 3 8 
429733333322 0 0 0 0 0 0 4 0 0 0 5 0 6 0 0 0 1 9 3 0 0 1 0 0 0 5 0 1 7 0 0 0 0 0 0 8 0 0 2 0 0 6 1 9 0 6 0 4 0 1 0 7 0 5 9 0 0 3 0 0 0 0 0 7 0 0 0 8 0 0 0 1 2 0 8 0 4 1 0 0 0 8 1 6 9 5 3 4 2 7 4 5 7 6 2 8 3 1 9 3 2 9 1 7 4 8 5 6 1 7 3 4 9 5 2 6 8 5 8 2 7 3 6 1 9 4 6 9 4 8 1 2 7 3 5 9 4 1 3 6 7 5 8 2 7 3 5 2 8 9 6 4 1 2 6 8 5 4 1 9 7 3 
429744333221 0 1 0 0 2 4 0 0 3 0 0 0 0 0 0 2 0 6 0 0 0 8 0 6 0 0 0 1 8 0 0 9 0 3 0 0 0 0 5 0 0 2 0 8 0 0 0 0 3 8 7 0 0 0 8 0 7 0 1 0 0 9 2 3 0 0 5 0 0 0 0 8 0 0 9 0 0 8 0 0 5 9 1 6 7 2 4 8 5 3 5 7 8 9 3 1 2 4 6 2 4 3 8 5 6 7 1 9 1 8 2 4 9 5 3 6 7 7 3 5 1 6 2 9 8 4 6 9 4 3 8 7 5 2 1 8 5 7 6 1 3 4 9 2 3 2 1 5 4 9 6 7 8 4 6 9 2 7 8 1 3 5 
429755432210 0 0 9 0 0 2 3 0 0 1 0 2 6 3 0 0 0 0 0 0 6 0 0 0 0 0 0 0 3 0 2 9 0 0 4 1 4 9 0 0 0 3 0 0 2 2 0 5 8 0 0 0 0 0 0 0 0 0 2 0 0 8 0 0 0 0 0 0 6 2 0 9 0 0 3 0 4 9 6 0 0 7 8 9 4 5 2 3 1 6 1 4 2 6 3 8 7 9 5 3 5 6 9 7 1 4 2 8 6 3 8 2 9 7 5 4 1 4 9 1 5 6 3 8 7 2 2 7 5 8 1 4 9 6 3 9 6 7 3 2 5 1 8 4 5 1 4 7 8 6 2 3 9 8 2 3 1 4 9 6 5 7 
430444433332 9 0 0 0 0 0 8 0 0 6 5 0 0 0 0 0 0 2 0 4 8 5 0 0 1 0 0 0 0 0 7 0 3 0 0 0 4 0 6 0 0 0 7 8 0 0 0 2 0 0 4 3 0 1 0 0 0 0 2 1 6 0 0 7 0 4 9 0 0 2 1 3 0 0 9 0 7 0 0 0 0 9 1 7 6 4 2 8 3 5 6 5 3 1 8 7 9 4 2 2 4 8 5 3 9 1 7 6 8 9 1 7 6 3 5 2 4 4 3 6 2 1 5 7 8 9 5 7 2 8 9 4 3 6 1 3 8 5 4 2 1 6 9 7 7 6 4 9 5 8 2 1 3 1 2 9 3 7 6 4 5 8 
430444443322 1 0 0 5 0 0 3 0 0 0 0 0 0 0 0 0 0 0 4 0 9 0 0 0 0 6 7 0 8 7 3 2 0 0 5 4 0 0 1 0 8 0 0 3 9 0 0 4 7 0 0 6 2 0 0 4 0 0 0 5 8 0 6 0 0 0 0 0 0 2 0 0 0 0 5 2 0 6 0 7 0 1 6 8 5 9 7 3 4 2 5 7 3 4 6 2 9 8 1 4 2 9 1 3 8 5 6 7 6 8 7 3 2 9 1 5 4 2 5 1 6 8 4 7 3 9 9 3 4 7 5 1 6 2 8 3 4 2 9 7 5 8 1 6 7 1 6 8 4 3 2 9 5 8 9 5 2 1 6 4 7 3 
430544333332 0 0 9 0 6 0 0 0 0 2 0 0 4 0 0 0 0 8 0 0 0 0 2 3 5 0 9 9 0 8 2 7 0 1 0 0 0 0 0 0 0 0 0 0 0 7 0 4 0 0 0 0 0 5 3 9 1 7 0 8 6 2 0 5 0 0 0 0 1 3 9 0 4 0 0 0 3 0 0 0 0 8 1 9 5 6 7 4 3 2 2 5 3 4 1 9 7 6 8 6 4 7 8 2 3 5 1 9 9 6 8 2 7 5 1 4 3 1 2 5 3 8 4 9 7 6 7 3 4 1 9 6 2 8 5 3 9 1 7 5 8 6 2 4 5 8 2 6 4 1 3 9 7 4 7 6 9 3 2 8 5 1 
430544433322 0 0 4 0 0 9 0 0 0 1 0 0 0 0 6 2 0 0 3 0 0 1 0 4 8 5 9 0 0 0 0 0 0 0 7 8 0 0 5 0 3 0 0 0 0 9 6 0 0 0 1 3 0 0 6 0 7 0 4 0 0 9 0 5 0 0 0 0 0 7 0 2 0 9 0 0 6 7 0 0 3 8 2 4 3 5 9 6 1 7 1 5 9 7 8 6 2 3 4 3 7 6 1 2 4 8 5 9 4 3 2 6 9 5 1 7 8 7 1 5 8 3 2 9 4 6 9 6 8 4 7 1 3 2 5 6 8 7 2 4 3 5 9 1 5 4 3 9 1 8 7 6 2 2 9 1 5 6 7 4 8 3 
430544433322 8 0 0 0 4 6 0 0 1 0 5 0 0 0 0 0 3 0 0 7 0 0 0 1 8 0 0 0 0 0 0 6 8 0 0 7 0 2 0 0 3 9 0 5 0 0 0 0 0 7 0 3 4 0 2 6 8 0 0 4 0 1 0 0 9 4 0 0 0 0 8 2 0 0 0 6 0 2 0 0 0 8 3 9 5 4 6 2 7 1 1 5 6 8 2 7 4 3 9 4 7 2 3 9 1 8 6 5 3 4 5 1 6 8 9 2 7 6 2 7 4 3 9 1 5 8 9 8 1 2 7 5 3 4 6 2 6 8 9 5 4 7 1 3 5 9 4 7 1 3 6 8 2 7 1 3 6 8 2 5 9 4 
430544433331 0 0 9 0 0 0 2 0 0 0 8 0 4 0 0 0 9 1 0 2 0 9 0 5 8 6 0 0 0 4 0 0 9 0 0 8 2 6 5 3 0 8 0 0 0 9 0 0 0 0 0 0 5 3 0 4 0 0 0 0 0 0 0 0 0 3 1 0 7 0 0 0 6 0 2 0 3 0 1 0 0 4 1 9 6 8 3 2 7 5 5 8 6 4 7 2 3 9 1 3 2 7 9 1 5 8 6 4 1 3 4 7 5 9 6 2 8 2 6 5 3 4 8 7 1 9 9 7 8 2 6 1 4 5 3 7 4 1 8 9 6 5 3 2 8 5 3 1 2 7 9 4 6 6 9 2 5 3 4 1 8 7 
430544433331 0 0 1 0 0 0 0 8 7 0 2 0 0 9 0 0 6 0 6 0 7 0 0 0 0 0 0 4 0 0 9 3 0 1 0 0 0 0 0 0 8 6 0 4 0 0 0 0 4 2 5 0 0 9 0 1 9 3 0 0 0 2 0 8 0 4 2 0 0 0 0 3 0 6 0 0 7 9 0 0 0 9 4 1 6 5 3 2 8 7 5 2 8 7 9 4 3 6 1 6 3 7 8 1 2 5 9 4 4 8 2 9 3 7 1 5 6 3 9 5 1 8 6 7 4 2 1 7 6 4 2 5 8 3 9 7 1 9 3 4 8 6 2 5 8 5 4 2 6 1 9 7 3 2 6 3 5 7 9 4 1 8 
430544443222 0 0 0 9 0 0 0 0 0 9 2 0 7 0 0 5 4 6 1 0 6 0 5 0 0 0 0 0 0 4 0 2 1 0 0 8 3 0 1 0 0 0 0 0 0 2 8 0 6 0 0 0 0 5 0 0 0 0 0 0 9 6 0 0 0 2 1 0 9 0 0 0 8 0 0 0 7 5 0 3 1 5 7 8 9 4 6 2 1 3 9 2 3 7 1 8 5 4 6 1 4 6 3 5 2 7 8 9 6 9 4 5 2 1 3 7 8 3 5 1 8 9 7 6 2 4 2 8 7 6 3 4 1 9 5 7 1 5 4 8 3 9 6 2 4 3 2 1 6 9 8 5 7 8 6 9 2 7 5 4 3 1 
430544443321 0 0 0 6 7 0 0 8 0 0 0 7 0 0 0 6 2 0 0 5 0 8 0 0 4 0 3 0 0 0 0 6 0 0 1 0 0 3 0 0 8 0 9 0 2 0 9 2 5 3 0 0 0 0 0 6 3 7 0 0 2 0 1 9 0 0 0 5 0 0 0 6 0 0 0 0 0 0 0 9 7 3 2 4 6 7 5 1 8 9 8 1 7 9 4 3 6 2 5 6 5 9 8 2 1 4 7 3 7 8 5 2 6 9 3 1 4 4 3 6 1 8 7 9 5 2 1 9 2 5 3 4 7 6 8 5 6 3 7 9 8 2 4 1 9 7 1 4 5 2 8 3 6 2 4 8 3 1 6 5 9 7 
430544444311 5 0 9 7 0 0 0 0 8 0 4 0 5 0 8 0 7 0 0 0 0 6 0 9 0 1 0 2 6 0 4 0 0 3 0 0 0 0 4 0 0 7 0 6 0 1 0 0 0 6 0 0 0 4 0 0 0 1 0 5 8 0 7 0 8 0 0 0 6 0 0 1 0 0 5 9 0 0 0 0 0 5 3 9 7 1 4 6 2 8 6 4 1 5 2 8 9 7 3 8 7 2 6 3 9 4 1 5 2 6 7 4 5 1 3 8 9 3 5 4 8 9 7 1 6 2 1 9 8 3 6 2 7 5 4 9 2 6 1 4 5 8 3 7 4 8 3 2 7 6 5 9 1 7 1 5 9 8 3 2 4 6 
430554333322 0 0 0 0 2 4 0 3 0 0 4 0 0 0 1 0 0 5 6 0 2 9 0 0 0 0 0 3 8 0 0 4 2 0 0 6 4 0 5 3 0 0 2 0 0 0 0 7 0 0 8 0 0 0 0 0 0 8 0 0 0 0 0 8 0 6 0 0 0 1 9 0 7 2 0 0 1 0 5 0 8 5 7 1 6 2 4 8 3 9 9 4 8 7 3 1 6 2 5 6 3 2 9 8 5 4 1 7 3 8 9 1 4 2 7 5 6 4 6 5 3 9 7 2 8 1 2 1 7 5 6 8 9 4 3 1 9 4 8 5 6 3 7 2 8 5 6 2 7 3 1 9 4 7 2 3 4 1 9 5 6 8 
430554433222 0 0 2 6 0 0 9 8 0 0 1 0 9 0 5 2 7 3 0 0 0 0 2 4 0 5 0 4 0 0 8 7 9 0 0 0 0 0 0 0 5 0 0 9 0 8 0 0 4 0 3 0 0 0 0 3 0 0 4 0 8 6 1 5 4 0 0 0 0 0 0 0 0 0 0 0 9 0 0 0 0 7 5 2 6 3 1 9 8 4 6 1 4 9 8 5 2 7 3 9 8 3 7 2 4 1 5 6 4 2 6 8 7 9 3 1 5 3 7 1 2 5 6 4 9 8 8 9 5 4 1 3 6 2 7 2 3 9 5 4 7 8 6 1 5 4 8 1 6 2 7 3 9 1 6 7 3 9 8 5 4 2 
430554433222 2 0 0 6 0 0 0 0 0 0 0 6 0 5 4 8 3 2 0 0 1 7 0 2 0 9 6 0 4 0 0 0 3 7 0 0 0 3 0 2 0 6 0 0 0 9 0 0 5 0 0 0 0 0 0 0 0 0 6 0 0 0 7 3 0 0 0 7 0 0 1 0 0 0 5 0 2 0 0 4 8 2 5 3 6 9 8 1 7 4 7 9 6 1 5 4 8 3 2 4 8 1 7 3 2 5 9 6 6 4 8 9 1 3 7 2 5 5 3 7 2 4 6 9 8 1 9 1 2 5 8 7 4 6 3 8 2 9 4 6 1 3 5 7 3 6 4 8 7 5 2 1 9 1 7 5 3 2 9 6 4 8 
430554433222 6 0 2 0 3 7 1 0 5 0 0 0 0 2 0 3 0 0 1 0 0 6 8 0 0 7 0 0 0 3 0 0 0 8 4 0 0 0 8 3 7 0 6 0 0 0 0 0 9 0 8 0 3 0 0 0 0 0 1 4 9 0 0 0 4 0 0 0 0 0 0 0 0 0 1 8 0 5 0 6 0 6 8 2 4 3 7 1 9 5 9 7 4 5 2 1 3 8 6 1 3 5 6 8 9 4 7 2 2 9 3 1 5 6 8 4 7 4 1 8 3 7 2 6 5 9 5 6 7 9 4 8 2 3 1 8 5 6 7 1 4 9 2 3 7 4 9 2 6 3 5 1 8 3 2 1 8 9 5 7 6 4 
430554433321 5 2 0 8 1 0 0 0 0 0 0 0 4 0 0 7 0 6 9 0 0 0 0 0 0 1 0 0 0 0 0 0 0 5 0 0 0 5 0 9 6 0 0 0 1 2 0 0 5 0 0 0 6 9 7 9 0 1 0 2 0 3 0 1 0 2 7 4 0 0 9 0 0 4 0 0 0 8 0 0 0 5 2 7 8 1 6 9 4 3 8 3 1 4 2 9 7 5 6 9 6 4 3 7 5 2 1 8 6 1 9 2 3 4 5 8 7 4 5 8 9 6 7 3 2 1 2 7 3 5 8 1 4 6 9 7 9 6 1 5 2 8 3 4 1 8 2 7 4 3 6 9 5 3 4 5 6 9 8 1 7 2 
430554443221 0 8 0 6 0 3 0 0 0 0 0 0 7 0 9 0 0 0 7 0 3 5 4 0 9 0 0 0 9 0 0 7 6 0 1 5 0 0 0 1 3 0 4 0 0 8 0 0 9 0 0 3 0 6 0 2 6 0 0 0 0 0 0 5 0 0 3 0 7 0 0 9 0 0 0 0 0 0 5 4 0 4 8 9 6 2 3 1 5 7 2 5 1 7 8 9 6 3 4 7 6 3 5 4 1 9 2 8 3 9 4 2 7 6 8 1 5 6 7 5 1 3 8 4 9 2 8 1 2 9 5 4 3 7 6 1 2 6 4 9 5 7 8 3 5 4 8 3 1 7 2 6 9 9 3 7 8 6 2 5 4 1 
430555433221 8 4 6 7 0 0 0 0 0 0 0 7 0 0 0 0 0 6 0 9 0 0 8 0 0 0 0 0 0 0 0 0 0 0 0 8 0 0 5 8 0 1 6 7 9 1 0 8 0 0 6 4 5 0 0 0 0 9 0 0 3 0 0 2 5 9 0 0 3 0 6 0 0 0 0 4 0 0 0 9 5 8 4 6 7 1 9 5 3 2 5 1 7 3 2 4 9 8 6 3 9 2 6 8 5 7 4 1 9 6 3 5 4 7 1 2 8 4 2 5 8 3 1 6 7 9 1 7 8 2 9 6 4 5 3 6 8 4 9 5 2 3 1 7 2 5 9 1 7 3 8 6 4 7 3 1 4 6 8 2 9 5 
430555433311 6 1 0 9 0 0 0 0 4 0 7 0 1 6 0 8 0 0 3 9 0 8 0 4 0 0 0 0 0 0 0 7 1 0 4 3 0 0 0 0 0 0 0 0 0 0 3 9 0 0 0 5 0 1 1 0 6 0 4 9 7 0 8 0 4 0 2 0 0 0 0 0 9 0 3 0 0 0 0 0 0 6 1 8 9 5 7 3 2 4 2 7 4 1 6 3 8 9 5 3 9 5 8 2 4 1 7 6 8 5 2 6 7 1 9 4 3 4 6 1 3 9 5 2 8 7 7 3 9 4 8 2 5 6 1 1 2 6 5 4 9 7 3 8 5 4 7 2 3 8 6 1 9 9 8 3 7 1 6 4 5 2 
430644433222 0 0 0 0 0 0 0 0 0 9 0 6 8 0 0 4 0 0 0 0 5 2 4 6 7 1 0 0 0 9 0 0 2 5 0 0 0 0 0 0 0 0 9 6 0 0 0 0 0 0 5 0 8 3 4 0 7 0 0 0 3 0 6 6 0 0 0 3 9 0 5 0 0 0 0 6 0 4 1 7 0 2 4 1 5 9 7 6 3 8 9 7 6 8 1 3 4 2 5 8 3 5 2 4 6 7 1 9 7 8 9 3 6 2 5 4 1 5 2 3 4 8 1 9 6 7 1 6 4 9 7 5 2 8 3 4 5 7 1 2 8 3 9 6 6 1 2 7 3 9 8 5 4 3 9 8 6 5 4 1 7 2 
430644433222 3 5 0 2 0 0 1 4 0 0 6 0 4 0 0 0 0 9 0 0 0 0 0 6 3 8 0 0 0 0 0 0 0 0 0 0 0 2 1 8 9 4 0 0 0 9 7 4 0 0 0 0 1 0 0 3 0 0 4 8 9 0 0 0 0 0 3 0 2 0 0 0 0 4 0 0 0 7 8 5 0 3 5 7 2 8 9 1 4 6 1 6 8 4 3 5 2 7 9 4 9 2 1 7 6 3 8 5 5 8 3 7 6 1 4 9 2 6 2 1 8 9 4 5 3 7 9 7 4 5 2 3 6 1 8 7 3 5 6 4 8 9 2 1 8 1 9 3 5 2 7 6 4 2 4 6 9 1 7 8 5 3 
430644433321 0 0 6 0 0 0 0 0 0 0 4 0 0 0 2 0 0 3 0 0 9 4 1 0 0 2 0 0 0 8 0 0 0 2 3 0 4 0 2 0 7 1 0 6 9 0 6 3 2 0 0 0 5 4 3 0 0 1 0 5 0 8 0 6 0 0 8 0 0 0 0 0 0 0 0 0 2 0 9 0 0 2 7 6 9 3 8 5 4 1 8 4 1 7 5 2 6 9 3 5 3 9 4 1 6 7 2 8 9 1 8 5 6 4 2 3 7 4 5 2 3 7 1 8 6 9 7 6 3 2 8 9 1 5 4 3 2 7 1 9 5 4 8 6 6 9 5 8 4 7 3 1 2 1 8 4 6 2 3 9 7 5 
430654333222 0 5 0 0 4 1 8 2 3 0 3 2 0 0 0 0 9 0 0 4 0 0 0 0 0 0 0 0 0 8 0 0 0 5 0 2 0 0 0 0 0 9 3 8 0 0 0 3 0 8 0 9 6 0 0 6 0 9 0 0 0 0 8 5 0 4 0 7 0 0 0 0 3 8 7 0 1 0 0 0 0 7 5 9 6 4 1 8 2 3 1 3 2 8 5 7 4 9 6 8 4 6 3 9 2 1 7 5 9 7 8 4 6 3 5 1 2 6 1 5 7 2 9 3 8 4 4 2 3 1 8 5 9 6 7 2 6 1 9 3 4 7 5 8 5 9 4 2 7 8 6 3 1 3 8 7 5 1 6 2 4 9 
430654333222 0 0 1 0 2 0 5 0 4 0 0 0 1 0 0 0 0 0 0 2 0 5 4 7 0 9 1 0 0 0 0 0 0 0 0 0 0 9 0 2 0 3 1 0 7 0 0 5 0 8 0 2 0 0 5 0 0 0 1 0 6 0 8 0 0 6 8 0 4 0 1 0 0 0 0 0 5 0 7 0 3 9 8 1 3 2 6 5 7 4 4 5 7 1 9 8 3 6 2 6 2 3 5 4 7 8 9 1 3 1 2 9 7 5 4 8 6 8 9 4 2 6 3 1 5 7 7 6 5 4 8 1 2 3 9 5 3 9 7 1 2 6 4 8 2 7 6 8 3 4 9 1 5 1 4 8 6 5 9 7 2 3 
430654333222 0 9 0 0 0 0 0 2 0 0 6 1 0 0 0 0 0 0 5 0 0 0 3 2 0 1 0 7 3 0 8 0 0 4 0 2 0 0 2 5 0 4 0 0 3 9 0 0 0 2 7 0 5 0 0 0 0 2 0 0 1 4 0 0 0 0 6 7 1 0 0 5 0 8 0 0 5 0 0 0 0 3 9 4 1 6 8 5 2 7 2 6 1 7 4 5 9 3 8 5 7 8 9 3 2 6 1 4 7 3 5 8 1 6 4 9 2 8 1 2 5 9 4 7 6 3 9 4 6 3 2 7 8 5 1 6 5 7 2 8 3 1 4 9 4 2 9 6 7 1 3 8 5 1 8 3 4 5 9 2 7 6 
430654433221 0 0 0 0 2 0 0 9 7 0 9 0 4 0 7 5 0 0 0 5 0 0 0 8 4 0 1 8 0 0 0 1 0 0 0 5 0 0 0 0 0 0 9 0 0 0 6 0 2 0 5 0 7 0 0 3 0 0 0 0 7 5 0 6 0 0 9 0 2 0 0 8 5 1 0 7 0 0 2 0 0 4 8 6 5 2 1 3 9 7 1 9 2 4 3 7 5 8 6 7 5 3 6 9 8 4 2 1 8 2 7 3 1 9 6 4 5 3 4 5 8 7 6 9 1 2 9 6 1 2 4 5 8 7 3 2 3 8 1 6 4 7 5 9 6 7 4 9 5 2 1 3 8 5 1 9 7 8 3 2 6 4 
430654433221 0 1 0 9 0 0 0 0 6 0 8 9 0 0 3 0 0 0 0 4 0 5 0 0 9 7 0 0 0 0 2 0 0 0 5 0 9 5 0 8 0 0 0 0 2 0 6 0 0 5 1 7 0 0 0 0 7 0 0 0 0 8 9 0 0 0 0 2 0 4 1 0 0 0 5 1 0 9 2 0 0 5 1 2 9 7 8 3 4 6 7 8 9 4 6 3 1 2 5 6 4 3 5 1 2 9 7 8 3 7 4 2 9 6 8 5 1 9 5 1 8 4 7 6 3 2 2 6 8 3 5 1 7 9 4 1 2 7 6 3 4 5 8 9 8 9 6 7 2 5 4 1 3 4 3 5 1 8 9 2 6 7 
430654443211 1 0 0 0 3 0 0 0 0 0 2 0 8 5 0 0 0 3 8 3 5 0 2 4 7 1 0 0 0 1 7 0 0 6 0 0 0 0 0 0 0 0 0 3 1 0 0 0 0 1 9 0 0 0 0 1 2 0 0 0 0 5 8 6 0 0 0 0 5 0 0 0 0 7 8 3 0 2 0 0 0 1 6 4 9 3 7 5 8 2 7 2 9 8 5 1 4 6 3 8 3 5 6 2 4 7 1 9 2 8 1 7 4 3 6 9 5 4 9 7 5 6 8 2 3 1 3 5 6 2 1 9 8 7 4 9 1 2 4 7 6 3 5 8 6 4 3 1 8 5 9 2 7 5 7 8 3 9 2 1 4 6 
430743333322 9 0 0 5 4 0 0 0 7 5 2 0 0 0 6 0 1 0 0 0 0 2 8 0 0 9 0 6 0 9 0 7 4 0 0 1 0 4 0 0 0 9 0 0 8 0 8 0 1 0 0 9 3 0 0 0 7 9 0 0 3 0 0 2 0 0 0 0 0 0 0 9 0 0 0 4 3 0 0 0 0 9 6 1 5 4 3 2 8 7 5 2 8 7 9 6 4 1 3 3 7 4 2 8 1 6 9 5 6 3 9 8 7 4 5 2 1 1 4 2 3 5 9 7 6 8 7 8 5 1 6 2 9 3 4 4 1 7 9 2 8 3 5 6 2 5 3 6 1 7 8 4 9 8 9 6 4 3 5 1 7 2 
430743333322 0 0 0 0 0 0 9 2 0 0 2 0 0 0 0 0 8 3 0 0 5 0 8 3 0 0 7 4 0 0 0 0 9 1 0 0 0 0 9 0 0 7 0 0 5 0 1 8 0 0 0 0 9 0 0 0 0 0 9 8 4 0 1 0 0 4 6 2 0 0 7 9 6 9 0 3 0 0 0 0 0 8 6 3 5 7 1 9 2 4 7 2 1 9 4 6 5 8 3 9 4 5 2 8 3 6 1 7 4 7 6 8 5 9 1 3 2 2 3 9 1 6 7 8 4 5 5 1 8 4 3 2 7 9 6 3 5 2 7 9 8 4 6 1 1 8 4 6 2 5 3 7 9 6 9 7 3 1 4 2 5 8 
430743333322 0 0 0 0 0 0 4 0 0 0 5 0 6 0 0 0 1 9 3 0 0 1 0 0 0 5 0 1 7 0 0 0 0 0 0 8 0 0 2 0 0 6 1 9 0 6 0 4 0 1 0 7 0 5 9 0 0 3 0 0 0 0 0 7 0 0 0 8 0 0 0 1 2 0 8 5 4 1 0 0 0 8 1 6 9 5 3 4 2 7 4 5 7 6 2 8 3 1 9 3 2 9 1 7 4 8 5 6 1 7 3 4 9 5 2 6 8 5 8 2 7 3 6 1 9 4 6 9 4 8 1 2 7 3 5 9 4 1 3 6 7 5 8 2 7 3 5 2 8 9 6 4 1 2 6 8 5 4 1 9 7 3 
430744333321 8 0 5 0 0 1 3 0 0 0 3 0 4 8 0 1 0 0 0 0 7 3 0 9 0 0 0 0 0 1 6 0 0 0 0 0 0 0 0 9 0 0 0 1 0 7 0 0 0 0 0 0 0 8 2 0 0 1 0 0 0 5 3 6 0 0 0 7 2 9 0 1 1 0 0 0 0 0 6 2 7 8 6 5 7 2 1 3 9 4 9 3 2 4 8 5 1 7 6 4 1 7 3 6 9 2 8 5 5 2 1 6 4 8 7 3 9 3 8 6 9 5 7 4 1 2 7 4 9 2 1 3 5 6 8 2 7 4 1 9 6 8 5 3 6 5 3 8 7 2 9 4 1 1 9 8 5 3 4 6 2 7 
430754333221 0 0 0 9 8 5 0 4 2 0 8 0 0 0 0 5 6 0 0 0 0 0 0 0 9 0 8 2 1 0 0 0 7 0 8 0 0 0 5 8 0 6 0 2 0 8 6 0 2 0 0 0 0 0 9 0 0 0 4 2 0 3 0 0 0 8 5 0 0 0 7 0 0 0 0 1 0 0 0 0 4 1 3 6 9 8 5 7 4 2 7 8 9 4 2 1 5 6 3 5 4 2 7 6 3 9 1 8 2 1 4 3 5 7 6 8 9 3 9 5 8 1 6 4 2 7 8 6 7 2 9 4 3 5 1 9 7 1 6 4 2 8 3 5 4 2 8 5 3 9 1 7 6 6 5 3 1 7 8 2 9 4 
430765222222 4 3 0 0 0 0 0 9 0 5 9 0 0 0 0 0 0 3 0 0 0 0 3 0 5 7 0 0 0 9 5 0 0 1 0 0 0 0 0 0 8 0 0 0 4 2 0 0 6 0 0 3 5 9 0 0 0 8 0 0 9 0 5 9 0 2 3 0 5 0 0 0 7 6 0 1 9 0 0 0 0 4 3 1 7 5 8 6 9 2 5 9 7 2 6 1 8 4 3 8 2 6 4 3 9 5 7 1 6 4 9 5 2 3 1 8 7 1 5 3 9 8 7 2 6 4 2 7 8 6 1 4 3 5 9 3 1 4 8 7 6 9 2 5 9 8 2 3 4 5 7 1 6 7 6 5 1 9 2 4 3 8 
431544433332 0 7 5 2 0 0 0 6 4 0 6 2 0 0 0 0 0 0 0 1 0 0 6 0 9 0 2 0 0 8 0 7 0 0 0 0 2 5 0 0 1 0 3 0 0 0 9 1 3 0 5 0 4 0 6 0 7 0 0 0 0 0 0 0 0 9 0 3 8 6 0 0 0 0 0 0 0 0 5 8 9 3 7 5 2 9 1 8 6 4 9 6 2 8 4 3 7 5 1 8 1 4 5 6 7 9 3 2 4 3 8 6 7 2 1 9 5 2 5 6 9 1 4 3 7 8 7 9 1 3 8 5 2 4 6 6 8 7 1 5 9 4 2 3 5 2 9 4 3 8 6 1 7 1 4 3 7 2 6 5 8 9 
431544443322 0 0 0 9 0 0 0 0 0 9 2 0 7 0 0 5 4 6 1 0 6 0 5 0 0 0 0 0 0 4 0 2 1 0 0 8 3 0 1 0 0 0 0 0 0 2 8 7 6 0 0 0 0 5 0 0 0 0 0 0 9 6 0 0 0 2 1 0 9 0 0 0 8 0 0 0 7 5 0 3 1 5 7 8 9 4 6 2 1 3 9 2 3 7 1 8 5 4 6 1 4 6 3 5 2 7 8 9 6 9 4 5 2 1 3 7 8 3 5 1 8 9 7 6 2 4 2 8 7 6 3 4 1 9 5 7 1 5 4 8 3 9 6 2 4 3 2 1 6 9 8 5 7 8 6 9 2 7 5 4 3 1 
431544443322 0 0 0 0 0 2 0 5 0 7 1 2 0 0 0 0 4 9 0 0 0 0 9 0 0 0 0 0 8 7 4 6 0 5 3 0 0 9 0 0 7 0 0 8 0 0 0 4 0 0 0 1 9 7 0 0 1 0 0 0 0 0 0 0 3 6 2 0 0 0 0 0 0 0 9 6 1 0 4 2 3 9 6 8 7 4 2 3 5 1 7 1 2 3 5 6 8 4 9 3 4 5 1 9 8 2 7 6 1 8 7 4 6 9 5 3 2 2 9 3 5 7 1 6 8 4 6 5 4 8 2 3 1 9 7 5 2 1 9 3 4 7 6 8 4 3 6 2 8 7 9 1 5 8 7 9 6 1 5 4 2 3 
431544443322 8 0 0 0 4 6 0 0 1 0 5 0 0 0 7 0 3 0 0 7 0 0 0 1 8 0 0 0 0 0 0 6 8 0 0 7 0 2 0 0 3 9 0 5 0 0 0 0 0 7 0 3 4 0 2 6 8 0 0 4 0 1 0 0 9 4 0 0 0 0 8 2 0 0 0 6 0 2 0 0 0 8 3 9 5 4 6 2 7 1 1 5 6 8 2 7 4 3 9 4 7 2 3 9 1 8 6 5 3 4 5 1 6 8 9 2 7 6 2 7 4 3 9 1 5 8 9 8 1 2 7 5 3 4 6 2 6 8 9 5 4 7 1 3 5 9 4 7 1 3 6 8 2 7 1 3 6 8 2 5 9 4 
431554433322 0 8 7 5 0 0 0 0 0 4 0 0 0 2 0 0 8 0 0 0 6 0 0 4 0 0 0 0 6 0 0 0 8 2 7 0 8 0 0 0 0 7 0 0 4 0 7 0 0 4 5 3 0 0 0 4 1 3 0 0 0 9 2 3 2 0 8 1 0 0 0 0 6 9 0 0 0 0 0 0 1 2 8 7 5 6 1 9 4 3 4 5 9 7 2 3 1 8 6 1 3 6 9 8 4 7 2 5 5 6 4 1 3 8 2 7 9 8 1 3 2 9 7 6 5 4 9 7 2 6 4 5 3 1 8 7 4 1 3 5 6 8 9 2 3 2 5 8 1 9 4 6 7 6 9 8 4 7 2 5 3 1 
431554433331 0 0 9 0 0 0 2 0 0 0 8 0 4 0 0 0 9 1 0 2 0 9 0 5 8 6 0 0 3 4 0 0 9 0 0 8 2 6 5 3 0 8 0 0 0 9 0 0 0 0 0 0 5 3 0 4 0 0 0 0 0 0 0 0 0 3 1 0 7 0 0 0 6 0 2 0 3 0 1 0 0 4 1 9 6 8 3 2 7 5 5 8 6 4 7 2 3 9 1 3 2 7 9 1 5 8 6 4 1 3 4 7 5 9 6 2 8 2 6 5 3 4 8 7 1 9 9 7 8 2 6 1 4 5 3 7 4 1 8 9 6 5 3 2 8 5 3 1 2 7 9 4 6 6 9 2 5 3 4 1 8 7 
431554433331 0 0 0 0 8 5 7 0 0 0 0 0 0 9 0 0 0 5 0 0 0 0 7 2 0 6 3 2 5 0 8 1 0 6 0 9 0 0 0 2 0 7 0 5 0 0 3 0 0 0 0 0 0 0 1 0 2 7 5 0 0 3 8 0 4 0 0 0 8 1 0 6 0 9 8 0 0 0 0 0 0 6 2 3 4 8 5 7 9 1 4 7 1 3 9 6 2 8 5 9 8 5 1 7 2 4 6 3 2 5 4 8 1 3 6 7 9 8 1 9 2 6 7 3 5 4 7 3 6 5 4 9 8 1 2 1 6 2 7 5 4 9 3 8 5 4 7 9 3 8 1 2 6 3 9 8 6 2 1 5 4 7 
431554443222 4 0 0 0 9 1 0 0 0 6 3 0 2 0 0 0 0 8 0 0 0 0 5 8 4 2 6 0 0 0 0 0 6 0 0 9 0 0 0 9 0 0 2 4 0 3 0 0 4 0 0 6 1 0 5 2 0 7 0 0 3 8 0 0 0 3 0 0 0 0 7 2 0 0 0 0 0 0 9 0 4 4 8 2 6 9 1 7 3 5 6 3 5 2 4 7 1 9 8 7 9 1 3 5 8 4 2 6 2 4 7 1 3 6 8 5 9 8 1 6 9 7 5 2 4 3 3 5 9 4 8 2 6 1 7 5 2 4 7 6 9 3 8 1 9 6 3 8 1 4 5 7 2 1 7 8 5 2 3 9 6 4 
431554443321 6 0 0 0 0 0 0 0 4 0 0 4 0 0 0 0 0 1 5 7 0 0 0 0 9 0 0 0 0 3 0 0 0 4 1 2 0 0 7 0 1 0 0 9 0 0 0 0 0 0 9 7 0 5 0 0 0 4 9 0 0 2 7 0 0 2 0 5 0 1 6 0 0 3 6 1 0 8 5 0 9 6 8 9 5 3 1 2 7 4 3 2 4 9 8 7 6 5 1 5 7 1 6 4 2 9 8 3 9 6 3 8 7 5 4 1 2 2 5 7 3 1 4 8 9 6 1 4 8 2 6 9 7 3 5 8 1 5 4 9 6 3 2 7 4 9 2 7 5 3 1 6 8 7 3 6 1 2 8 5 4 9 
431554443321 0 8 0 6 0 3 0 0 0 0 0 0 7 0 9 0 0 0 7 0 3 5 4 0 9 0 0 0 9 0 0 7 6 0 1 5 0 0 0 1 3 0 4 0 0 8 0 0 9 0 0 3 0 6 0 2 6 0 0 0 0 0 0 5 0 8 3 0 7 0 0 9 0 0 0 0 0 0 5 4 0 4 8 9 6 2 3 1 5 7 2 5 1 7 8 9 6 3 4 7 6 3 5 4 1 9 2 8 3 9 4 2 7 6 8 1 5 6 7 5 1 3 8 4 9 2 8 1 2 9 5 4 3 7 6 1 2 6 4 9 5 7 8 3 5 4 8 3 1 7 2 6 9 9 3 7 8 6 2 5 4 1 
431555433222 2 0 0 6 0 0 0 0 0 0 0 6 0 5 4 8 3 2 0 0 1 7 0 2 0 9 6 0 4 0 0 0 3 7 0 0 0 3 0 2 0 6 0 0 0 9 0 0 5 0 0 0 0 0 0 0 0 0 6 0 0 0 7 3 0 0 0 7 0 0 1 0 0 0 5 3 2 0 0 4 8 2 5 3 6 9 8 1 7 4 7 9 6 1 5 4 8 3 2 4 8 1 7 3 2 5 9 6 6 4 8 9 1 3 7 2 5 5 3 7 2 4 6 9 8 1 9 1 2 5 8 7 4 6 3 8 2 9 4 6 1 3 5 7 3 6 4 8 7 5 2 1 9 1 7 5 3 2 9 6 4 8 
431555443221 0 0 0 9 0 0 2 0 0 7 0 0 0 0 3 0 5 1 0 0 4 0 1 0 0 0 0 3 0 5 0 0 0 0 7 8 0 4 0 1 7 0 0 0 5 0 7 1 0 5 8 0 0 4 4 8 0 0 0 6 0 0 0 0 0 0 8 3 1 0 0 0 0 0 2 7 4 0 0 0 9 5 1 6 9 8 7 2 4 3 7 2 9 4 6 3 8 5 1 8 3 4 5 1 2 7 9 6 3 9 5 6 2 4 1 7 8 2 4 8 1 7 9 6 3 5 6 7 1 3 5 8 9 2 4 4 8 3 2 9 6 5 1 7 9 5 7 8 3 1 4 6 2 1 6 2 7 4 5 3 8 9 
431555543211 6 0 0 0 0 0 0 0 3 3 0 7 0 1 0 0 2 6 2 0 0 0 0 6 0 1 5 0 0 0 0 0 0 0 3 0 8 0 1 2 0 0 0 5 9 0 0 4 0 6 5 0 7 1 1 0 3 0 7 2 5 0 0 0 0 5 0 0 9 0 0 0 0 0 2 0 0 0 0 6 0 6 1 8 5 2 7 9 4 3 3 5 7 9 1 4 8 2 6 2 4 9 3 8 6 7 1 5 5 2 6 7 9 1 4 3 8 8 7 1 2 4 3 6 5 9 9 3 4 8 6 5 2 7 1 1 8 3 6 7 2 5 9 4 7 6 5 4 3 9 1 8 2 4 9 2 1 5 8 3 6 7 
431644333332 0 0 0 0 0 0 0 0 0 0 0 6 5 0 0 3 0 9 0 8 7 0 0 1 2 0 0 0 0 0 0 9 0 0 6 1 0 0 0 0 0 4 7 9 5 0 0 0 6 0 0 4 3 0 2 5 0 0 0 9 0 0 0 8 0 0 3 0 0 9 0 4 0 0 9 7 8 0 5 1 3 5 9 2 8 6 3 1 4 7 1 4 6 5 2 7 3 8 9 3 8 7 9 4 1 2 5 6 7 3 4 2 9 5 8 6 1 6 2 8 1 3 4 7 9 5 9 1 5 6 7 8 4 3 2 2 5 3 4 1 9 6 7 8 8 7 1 3 5 6 9 2 4 4 6 9 7 8 2 5 1 3 
431644443321 0 0 6 0 0 0 0 0 0 0 4 0 0 0 2 0 0 3 0 0 9 4 1 0 0 2 0 9 0 8 0 0 0 2 3 0 4 0 2 0 7 1 0 6 9 0 6 3 2 0 0 0 5 4 3 0 0 1 0 5 0 8 0 6 0 0 8 0 0 0 0 0 0 0 0 0 2 0 9 0 0 2 7 6 9 3 8 5 4 1 8 4 1 7 5 2 6 9 3 5 3 9 4 1 6 7 2 8 9 1 8 5 6 4 2 3 7 4 5 2 3 7 1 8 6 9 7 6 3 2 8 9 1 5 4 3 2 7 1 9 5 4 8 6 6 9 5 8 4 7 3 1 2 1 8 4 6 2 3 9 7 5 
431653333332 3 8 4 9 6 0 1 0 0 0 0 0 0 0 0 0 0 8 0 0 0 0 0 0 0 2 0 2 6 0 3 0 5 7 0 0 0 1 0 7 0 6 0 0 0 0 0 0 0 0 1 9 3 6 0 4 0 6 0 8 0 1 0 0 5 0 4 0 0 0 7 2 1 0 0 5 0 0 0 6 0 3 8 4 9 6 2 1 5 7 6 2 7 1 5 3 4 9 8 5 9 1 8 7 4 6 2 3 2 6 8 3 9 5 7 4 1 9 1 3 7 4 6 2 8 5 4 7 5 2 8 1 9 3 6 7 4 2 6 3 8 5 1 9 8 5 6 4 1 9 3 7 2 1 3 9 5 2 7 8 6 4 
431654333322 0 0 0 0 2 4 0 3 0 0 4 0 0 0 1 0 0 5 6 0 2 9 0 0 0 0 0 3 8 0 0 4 2 0 0 6 4 0 5 3 0 0 2 0 0 0 0 7 0 0 8 0 0 0 0 0 0 8 0 0 0 0 2 8 0 6 0 0 0 1 9 0 7 2 0 0 1 0 5 0 8 5 7 1 6 2 4 8 3 9 9 4 8 7 3 1 6 2 5 6 3 2 9 8 5 4 1 7 3 8 9 1 4 2 7 5 6 4 6 5 3 9 7 2 8 1 2 1 7 5 6 8 9 4 3 1 9 4 8 5 6 3 7 2 8 5 6 2 7 3 1 9 4 7 2 3 4 1 9 5 6 8 
431654433222 0 0 0 0 0 0 0 0 0 9 0 6 8 0 0 4 0 0 0 0 5 2 4 6 7 1 0 0 0 9 0 0 2 5 0 0 0 0 0 0 0 0 9 6 0 0 0 4 0 0 5 0 8 3 4 0 7 0 0 0 3 0 6 6 0 0 0 3 9 0 5 0 0 0 0 6 0 4 1 7 0 2 4 1 5 9 7 6 3 8 9 7 6 8 1 3 4 2 5 8 3 5 2 4 6 7 1 9 7 8 9 3 6 2 5 4 1 5 2 3 4 8 1 9 6 7 1 6 4 9 7 5 2 8 3 4 5 7 1 2 8 3 9 6 6 1 2 7 3 9 8 5 4 3 9 8 6 5 4 1 7 2 
431654433222 0 5 0 0 4 1 8 2 3 0 3 2 0 0 0 0 9 0 0 4 0 0 0 0 0 0 5 0 0 8 0 0 0 5 0 2 0 0 0 0 0 9 3 8 0 0 0 3 0 8 0 9 6 0 0 6 0 9 0 0 0 0 8 5 0 4 0 7 0 0 0 0 3 8 7 0 1 0 0 0 0 7 5 9 6 4 1 8 2 3 1 3 2 8 5 7 4 9 6 8 4 6 3 9 2 1 7 5 9 7 8 4 6 3 5 1 2 6 1 5 7 2 9 3 8 4 4 2 3 1 8 5 9 6 7 2 6 1 9 3 4 7 5 8 5 9 4 2 7 8 6 3 1 3 8 7 5 1 6 2 4 9 
431654433222 0 8 0 3 0 0 7 0 5 3 6 0 0 0 0 2 0 1 0 0 0 0 0 0 9 0 0 0 7 4 0 0 9 8 5 0 9 0 0 0 0 0 0 0 4 0 1 5 0 4 0 0 0 0 7 5 0 0 0 2 4 1 0 4 0 0 0 1 0 0 0 7 1 0 0 0 6 4 0 2 0 2 8 1 3 9 6 7 4 5 3 6 9 4 7 5 2 8 1 5 4 7 8 2 1 9 3 6 6 7 4 1 3 9 8 5 2 9 3 2 6 5 8 1 7 4 8 1 5 2 4 7 3 6 9 7 5 6 9 8 2 4 1 3 4 2 8 5 1 3 6 9 7 1 9 3 7 6 4 5 2 8 
431654433321 0 1 0 0 0 0 0 0 7 0 4 0 2 3 1 0 0 8 0 0 2 9 0 0 0 0 0 2 6 0 7 0 0 0 0 0 1 0 0 0 0 0 0 0 5 0 0 3 6 1 0 0 7 0 0 8 4 0 7 0 0 0 1 0 0 0 0 0 8 9 4 0 0 0 1 0 9 4 7 8 3 8 1 9 4 6 5 3 2 7 7 4 6 2 3 1 5 9 8 5 3 2 9 8 7 1 6 4 2 6 8 7 5 3 4 1 9 1 9 7 8 4 2 6 3 5 4 5 3 6 1 9 8 7 2 9 8 4 3 7 6 2 5 1 3 7 5 1 2 8 9 4 6 6 2 1 5 9 4 7 8 3 
431654433321 0 0 2 0 0 0 0 0 0 6 0 0 0 0 8 0 9 3 8 7 1 3 2 0 0 0 5 0 0 0 0 9 0 0 1 6 0 0 0 0 0 3 0 5 0 0 0 0 0 5 0 9 0 2 7 0 3 9 0 0 5 2 0 5 0 0 0 0 0 0 0 9 0 4 0 0 0 5 1 6 7 3 9 2 5 6 4 8 7 1 6 5 4 7 1 8 2 9 3 8 7 1 3 2 9 6 4 5 4 8 5 2 9 7 3 1 6 9 2 6 1 8 3 7 5 4 1 3 7 4 5 6 9 8 2 7 6 3 9 4 1 5 2 8 5 1 8 6 7 2 4 3 9 2 4 9 8 3 5 1 6 7 
431654433321 0 1 0 9 0 0 0 0 6 0 8 9 0 0 3 0 0 0 0 4 0 5 0 0 9 7 0 0 0 0 2 0 0 0 5 0 9 5 0 8 0 0 0 0 2 0 6 0 0 5 1 7 0 0 0 0 7 6 0 0 0 8 9 0 0 0 0 2 0 4 1 0 0 0 5 1 0 9 2 0 0 5 1 2 9 7 8 3 4 6 7 8 9 4 6 3 1 2 5 6 4 3 5 1 2 9 7 8 3 7 4 2 9 6 8 5 1 9 5 1 8 4 7 6 3 2 2 6 8 3 5 1 7 9 4 1 2 7 6 3 4 5 8 9 8 9 6 7 2 5 4 1 3 4 3 5 1 8 9 2 6 7 
431654433321 5 2 0 8 1 0 0 0 0 0 0 0 4 0 0 7 0 6 9 0 0 0 0 0 0 1 0 0 0 0 0 0 0 5 0 0 0 5 0 9 6 0 0 0 1 2 0 0 5 0 0 0 6 9 7 9 0 1 0 2 0 3 0 1 0 2 7 4 0 0 9 0 0 4 0 0 9 8 0 0 0 5 2 7 8 1 6 9 4 3 8 3 1 4 2 9 7 5 6 9 6 4 3 7 5 2 1 8 6 1 9 2 3 4 5 8 7 4 5 8 9 6 7 3 2 1 2 7 3 5 8 1 4 6 9 7 9 6 1 5 2 8 3 4 1 8 2 7 4 3 6 9 5 3 4 5 6 9 8 1 7 2 
431654433321 0 1 2 3 0 0 0 0 7 6 0 4 2 8 7 0 1 0 0 0 0 0 5 6 0 0 0 1 7 0 0 0 4 2 3 5 0 6 0 0 0 0 0 0 0 2 0 0 8 0 0 0 6 0 0 0 0 0 3 2 8 0 0 0 0 1 0 0 8 0 4 0 0 2 9 0 0 0 0 0 6 5 1 2 3 4 9 6 8 7 6 3 4 2 8 7 5 1 9 9 8 7 1 5 6 4 2 3 1 7 8 6 9 4 2 3 5 4 6 3 5 2 1 7 9 8 2 9 5 8 7 3 1 6 4 7 4 6 9 3 2 8 5 1 3 5 1 7 6 8 9 4 2 8 2 9 4 1 5 3 7 6 
431654442222 5 0 2 8 0 0 0 0 0 0 9 0 0 0 0 8 2 0 8 0 7 1 4 2 0 9 0 0 5 0 0 0 0 0 8 0 0 0 3 5 8 0 9 0 0 0 2 0 0 7 3 0 0 0 0 0 5 0 0 8 6 0 0 3 0 0 0 0 0 0 4 0 0 0 9 0 1 6 2 0 3 5 4 2 8 6 9 7 3 1 6 9 1 3 5 7 8 2 4 8 3 7 1 4 2 5 9 6 9 5 4 6 2 1 3 8 7 7 6 3 5 8 4 9 1 2 1 2 8 9 7 3 4 6 5 2 1 5 4 3 8 6 7 9 3 7 6 2 9 5 1 4 8 4 8 9 7 1 6 2 5 3 
431654443311 1 0 0 0 3 0 0 0 0 0 2 0 8 5 0 0 0 3 8 3 5 0 2 4 7 1 0 0 0 1 7 0 0 6 0 0 0 0 0 0 6 0 0 3 1 0 0 0 0 1 9 0 0 0 0 1 2 0 0 0 0 5 8 6 0 0 0 0 5 0 0 0 0 7 8 3 0 2 0 0 0 1 6 4 9 3 7 5 8 2 7 2 9 8 5 1 4 6 3 8 3 5 6 2 4 7 1 9 2 8 1 7 4 3 6 9 5 4 9 7 5 6 8 2 3 1 3 5 6 2 1 9 8 7 4 9 1 2 4 7 6 3 5 8 6 4 3 1 8 5 9 2 7 5 7 8 3 9 2 1 4 6 
431655333222 0 9 0 0 0 0 0 2 0 0 6 1 0 0 0 0 0 0 5 0 0 0 3 2 0 1 0 7 3 0 8 1 0 4 0 2 0 0 2 5 0 4 0 0 3 9 0 0 0 2 7 0 5 0 0 0 0 2 0 0 1 4 0 0 0 0 6 7 1 0 0 5 0 8 0 0 5 0 0 0 0 3 9 4 1 6 8 5 2 7 2 6 1 7 4 5 9 3 8 5 7 8 9 3 2 6 1 4 7 3 5 8 1 6 4 9 2 8 1 2 5 9 4 7 6 3 9 4 6 3 2 7 8 5 1 6 5 7 2 8 3 1 4 9 4 2 9 6 7 1 3 8 5 1 8 3 4 5 9 2 7 6 
431655433221 2 0 6 4 9 0 0 5 0 0 0 5 0 6 0 9 0 0 0 9 0 0 0 0 0 0 2 7 0 0 0 0 4 0 2 0 0 0 8 1 0 6 4 9 0 0 0 0 7 2 8 1 0 0 6 7 0 5 4 0 0 0 0 9 0 0 0 0 3 0 0 0 0 0 4 0 0 9 2 0 0 2 3 6 4 9 1 7 5 8 8 4 5 2 6 7 9 1 3 1 9 7 3 8 5 6 4 2 7 1 3 9 5 4 8 2 6 5 2 8 1 3 6 4 9 7 4 6 9 7 2 8 1 3 5 6 7 1 5 4 2 3 8 9 9 8 2 6 1 3 5 7 4 3 5 4 8 7 9 2 6 1 
431655433221 8 4 6 7 0 0 0 0 0 0 0 7 0 0 0 0 0 6 0 9 0 0 8 0 0 0 0 0 0 0 0 0 0 0 0 8 0 0 5 8 0 1 6 7 9 1 0 8 0 9 6 4 5 0 0 0 0 9 0 0 3 0 0 2 5 9 0 0 3 0 6 0 0 0 0 4 0 0 0 9 5 8 4 6 7 1 9 5 3 2 5 1 7 3 2 4 9 8 6 3 9 2 6 8 5 7 4 1 9 6 3 5 4 7 1 2 8 4 2 5 8 3 1 6 7 9 1 7 8 2 9 6 4 5 3 6 8 4 9 5 2 3 1 7 2 5 9 1 7 3 8 6 4 7 3 1 4 6 8 2 9 5 
431655533220 0 0 0 6 0 0 1 8 9 0 8 0 0 1 5 0 2 6 0 0 0 0 0 0 4 3 0 0 2 0 0 0 0 0 9 3 0 6 0 0 5 0 2 0 0 3 0 9 8 0 0 0 0 0 0 0 2 0 0 8 9 0 0 0 0 0 2 0 6 8 4 0 0 0 1 0 9 0 0 6 2 7 3 5 6 4 2 1 8 9 9 8 4 3 1 5 7 2 6 2 1 6 7 8 9 4 3 5 1 2 8 4 6 7 5 9 3 4 6 7 9 5 3 2 1 8 3 5 9 8 2 1 6 7 4 6 4 2 1 3 8 9 5 7 5 9 3 2 7 6 8 4 1 8 7 1 5 9 4 3 6 2 
431664433221 0 0 9 0 1 0 0 0 8 0 7 0 0 5 6 9 0 0 2 0 0 0 9 0 0 0 0 0 6 0 0 0 0 0 0 1 7 0 2 0 3 1 0 9 0 9 0 3 2 0 0 7 8 4 0 0 0 0 0 3 8 1 0 1 0 0 0 8 0 0 5 0 0 9 0 1 2 0 0 0 0 3 4 9 7 1 2 5 6 8 8 7 1 3 5 6 9 4 2 2 5 6 8 9 4 1 7 3 4 6 5 9 7 8 3 2 1 7 8 2 4 3 1 6 9 5 9 1 3 2 6 5 7 8 4 6 2 7 5 4 3 8 1 9 1 3 4 6 8 9 2 5 7 5 9 8 1 2 7 4 3 6 
431665333221 0 2 6 0 3 0 0 0 0 0 0 4 2 6 0 0 1 8 8 9 0 0 4 0 0 0 0 0 7 0 0 0 6 4 5 0 0 0 8 0 0 1 6 0 0 0 4 0 0 0 0 0 0 1 0 0 3 0 1 4 2 0 0 0 0 7 6 5 0 1 0 0 0 1 0 7 0 0 0 0 6 5 2 6 1 3 8 9 4 7 7 3 4 2 6 9 5 1 8 8 9 1 5 4 7 3 6 2 1 7 2 9 8 6 4 5 3 3 5 8 4 7 1 6 2 9 6 4 9 3 2 5 7 8 1 9 6 3 8 1 4 2 7 5 2 8 7 6 5 3 1 9 4 4 1 5 7 9 2 8 3 6 
431665433211 0 0 0 0 0 8 2 7 0 2 0 6 7 0 3 0 0 1 0 7 0 0 2 0 0 3 5 0 1 8 4 0 0 3 2 0 7 0 0 0 0 5 9 0 8 0 0 3 0 0 0 0 0 6 0 0 7 3 1 0 0 0 0 0 5 0 0 8 0 0 0 0 3 8 0 0 0 7 0 0 0 1 3 5 6 9 8 2 7 4 2 4 6 7 5 3 8 9 1 8 7 9 1 2 4 6 3 5 5 1 8 4 6 9 3 2 7 7 6 4 2 3 5 9 1 8 9 2 3 8 7 1 4 5 6 4 9 7 3 1 6 5 8 2 6 5 1 9 8 2 7 4 3 3 8 2 5 4 7 1 6 9 
431665532211 0 0 0 0 0 6 2 7 3 0 2 0 3 0 0 0 0 1 9 0 0 0 1 0 0 5 0 3 0 0 0 9 1 0 0 0 0 0 0 0 7 3 1 0 0 4 0 8 0 0 2 7 0 9 1 3 0 6 0 0 0 0 0 0 0 0 0 2 0 3 9 0 0 9 0 0 0 5 0 1 2 8 4 1 9 5 6 2 7 3 5 2 6 3 4 7 9 8 1 9 7 3 2 1 8 6 5 4 3 6 7 8 9 1 4 2 5 2 5 9 4 7 3 1 6 8 4 1 8 5 6 2 7 3 9 1 3 2 6 8 9 5 4 7 7 8 5 1 2 4 3 9 6 6 9 4 7 3 5 8 1 2 
431754333222 0 6 1 0 0 0 0 0 8 5 0 2 0 8 0 0 0 0 0 0 0 1 0 0 2 0 0 0 0 6 8 0 3 5 0 0 0 5 0 0 0 0 4 0 2 4 0 7 2 0 0 9 0 0 6 0 5 0 0 0 0 2 0 0 7 3 4 0 2 0 0 5 2 9 0 0 1 8 0 0 0 7 6 1 9 2 5 3 4 8 5 3 2 6 8 4 7 1 9 8 4 9 1 3 7 2 5 6 9 2 6 8 4 3 5 7 1 3 5 8 7 9 1 4 6 2 4 1 7 2 5 6 9 8 3 6 8 5 3 7 9 1 2 4 1 7 3 4 6 2 8 9 5 2 9 4 5 1 8 6 3 7 
431754333321 8 0 5 0 0 1 3 0 0 0 3 0 4 8 0 1 7 0 0 0 7 3 0 9 0 0 0 0 0 1 6 0 0 0 0 0 0 0 0 9 0 0 0 1 0 7 0 0 0 0 0 0 0 8 2 0 0 1 0 0 0 5 3 6 0 0 0 7 2 9 0 1 1 0 0 0 0 0 6 2 7 8 6 5 7 2 1 3 9 4 9 3 2 4 8 5 1 7 6 4 1 7 3 6 9 2 8 5 5 2 1 6 4 8 7 3 9 3 8 6 9 5 7 4 1 2 7 4 9 2 1 3 5 6 8 2 7 4 1 9 6 8 5 3 6 5 3 8 7 2 9 4 1 1 9 8 5 3 4 6 2 7 
431764333221 0 5 9 1 0 7 0 0 0 0 4 0 0 5 0 0 0 0 0 0 0 9 0 0 5 8 7 0 0 0 5 0 0 7 0 0 0 7 0 0 0 0 3 0 2 5 0 0 4 0 3 0 1 8 0 0 0 2 0 0 0 0 6 3 0 1 7 0 0 8 0 5 0 2 0 0 8 5 0 7 0 8 5 9 1 6 7 2 3 4 2 4 7 3 5 8 9 6 1 6 1 3 9 4 2 5 8 7 1 3 8 5 2 6 7 4 9 4 7 6 8 1 9 3 5 2 5 9 2 4 7 3 6 1 8 7 8 5 2 3 1 4 9 6 3 6 1 7 9 4 8 2 5 9 2 4 6 8 5 1 7 3 
431765322222 4 3 0 0 0 0 0 9 0 5 9 0 0 0 0 0 0 3 0 0 0 0 3 0 5 7 0 0 0 9 5 0 0 1 8 0 0 0 0 0 8 0 0 0 4 2 0 0 6 0 0 3 5 9 0 0 0 8 0 0 9 0 5 9 0 2 3 0 5 0 0 0 7 6 0 1 9 0 0 0 0 4 3 1 7 5 8 6 9 2 5 9 7 2 6 1 8 4 3 8 2 6 4 3 9 5 7 1 6 4 9 5 2 3 1 8 7 1 5 3 9 8 7 2 6 4 2 7 8 6 1 4 3 5 9 3 1 4 8 7 6 9 2 5 9 8 2 3 4 5 7 1 6 7 6 5 1 9 2 4 3 8 
431765432211 5 0 0 4 0 0 1 0 6 0 7 0 0 0 0 5 4 0 4 0 0 0 1 0 9 0 8 2 6 5 0 4 0 0 0 0 0 1 0 6 0 5 0 0 0 0 0 0 2 0 0 0 6 5 0 0 0 3 0 7 0 0 1 0 0 9 1 6 0 0 5 0 0 0 1 0 5 0 0 0 2 5 9 8 4 7 3 1 2 6 1 7 6 8 2 9 5 4 3 4 2 3 5 1 6 9 7 8 2 6 5 7 4 8 3 1 9 9 1 7 6 3 5 2 8 4 8 3 4 2 9 1 7 6 5 6 5 2 3 8 7 4 9 1 3 4 9 1 6 2 8 5 7 7 8 1 9 5 4 6 3 2 
431765433210 0 9 0 0 0 0 0 0 0 0 0 0 4 8 0 0 6 0 0 6 4 0 0 0 5 0 7 0 5 0 0 6 9 0 0 4 0 1 9 8 0 0 6 0 3 0 0 6 3 4 0 0 7 0 0 4 0 0 0 6 0 3 0 0 0 0 7 0 0 0 9 6 0 0 7 0 9 4 8 0 0 1 9 2 6 5 7 3 4 8 3 7 5 4 8 1 9 6 2 8 6 4 9 2 3 5 1 7 7 5 3 1 6 9 2 8 4 4 1 9 8 7 2 6 5 3 2 8 6 3 4 5 1 7 9 9 4 8 2 1 6 7 3 5 5 2 1 7 3 8 4 9 6 6 3 7 5 9 4 8 2 1 
432544433333 0 7 5 2 0 0 0 6 4 0 6 2 0 0 0 0 0 0 0 1 0 0 6 0 9 0 2 0 0 8 0 7 0 0 0 0 2 5 0 0 1 4 3 0 0 0 9 1 3 0 5 0 4 0 6 0 7 0 0 0 0 0 0 0 0 9 0 3 8 6 0 0 0 0 0 0 0 0 5 8 9 3 7 5 2 9 1 8 6 4 9 6 2 8 4 3 7 5 1 8 1 4 5 6 7 9 3 2 4 3 8 6 7 2 1 9 5 2 5 6 9 1 4 3 7 8 7 9 1 3 8 5 2 4 6 6 8 7 1 5 9 4 2 3 5 2 9 4 3 8 6 1 7 1 4 3 7 2 6 5 8 9 
432544444322 8 0 0 0 4 6 0 0 1 0 5 0 0 0 7 0 3 0 0 7 0 3 0 1 8 0 0 0 0 0 0 6 8 0 0 7 0 2 0 0 3 9 0 5 0 0 0 0 0 7 0 3 4 0 2 6 8 0 0 4 0 1 0 0 9 4 0 0 0 0 8 2 0 0 0 6 0 2 0 0 0 8 3 9 5 4 6 2 7 1 1 5 6 8 2 7 4 3 9 4 7 2 3 9 1 8 6 5 3 4 5 1 6 8 9 2 7 6 2 7 4 3 9 1 5 8 9 8 1 2 7 5 3 4 6 2 6 8 9 5 4 7 1 3 5 9 4 7 1 3 6 8 2 7 1 3 6 8 2 5 9 4 
432554433332 1 2 0 9 0 0 6 4 5 0 0 5 0 4 0 0 0 0 0 0 8 0 0 0 0 0 1 0 7 0 0 9 0 0 5 0 0 8 1 0 2 6 3 0 4 6 0 0 5 0 3 0 7 0 0 0 0 8 0 0 4 0 7 8 0 6 3 0 0 5 0 9 0 0 0 0 0 0 0 6 0 1 2 7 9 3 8 6 4 5 9 6 5 2 4 1 7 8 3 4 3 8 6 5 7 9 2 1 3 7 2 1 9 4 8 5 6 5 8 1 7 2 6 3 9 4 6 9 4 5 8 3 1 7 2 2 1 9 8 6 5 4 3 7 8 4 6 3 7 2 5 1 9 7 5 3 4 1 9 2 6 8 
432554433332 0 8 7 5 0 0 0 0 0 4 0 0 0 2 0 0 8 0 0 0 6 0 0 4 0 0 0 0 6 0 0 0 8 2 7 0 8 0 0 0 0 7 0 0 4 0 7 0 0 4 5 3 0 0 0 4 1 3 5 0 0 9 2 3 2 0 8 1 0 0 0 0 6 9 0 0 0 0 0 0 1 2 8 7 5 6 1 9 4 3 4 5 9 7 2 3 1 8 6 1 3 6 9 8 4 7 2 5 5 6 4 1 3 8 2 7 9 8 1 3 2 9 7 6 5 4 9 7 2 6 4 5 3 1 8 7 4 1 3 5 6 8 9 2 3 2 5 8 1 9 4 6 7 6 9 8 4 7 2 5 3 1 
432554443322 2 9 7 0 0 0 0 4 5 0 5 0 8 0 9 0 3 0 3 0 8 0 0 0 0 0 0 0 0 9 1 2 0 3 0 8 0 0 0 9 0 6 0 7 1 0 0 0 7 0 0 0 0 0 0 0 0 0 0 7 0 0 0 9 7 0 2 6 0 5 0 0 8 2 4 3 0 0 0 0 6 2 9 7 6 1 3 8 4 5 1 5 6 8 4 9 2 3 7 3 4 8 5 7 2 1 6 9 7 6 9 1 2 4 3 5 8 5 8 2 9 3 6 4 7 1 4 3 1 7 5 8 6 9 2 6 1 5 4 8 7 9 2 3 9 7 3 2 6 1 5 8 4 8 2 4 3 9 5 7 1 6 
432554443322 0 9 8 0 6 0 0 0 0 0 7 2 0 1 4 0 0 0 1 6 0 9 5 2 0 8 0 0 1 0 0 0 0 0 0 3 0 0 7 0 0 0 6 4 0 0 0 0 3 0 6 0 1 5 6 0 1 5 4 0 9 0 0 7 0 5 0 0 0 0 0 4 9 0 0 0 0 8 0 0 0 4 9 8 7 6 3 1 5 2 5 7 2 8 1 4 3 9 6 1 6 3 9 5 2 4 8 7 8 1 6 4 9 5 7 2 3 3 5 7 2 8 1 6 4 9 2 4 9 3 7 6 8 1 5 6 2 1 5 4 7 9 3 8 7 8 5 1 3 9 2 6 4 9 3 4 6 2 8 5 7 1 
432554443331 6 0 0 0 0 0 0 0 4 3 0 4 0 0 0 0 0 1 5 7 0 0 0 0 9 0 0 0 0 3 0 0 0 4 1 2 0 0 7 0 1 0 0 9 0 0 0 0 0 0 9 7 0 5 0 0 0 4 9 0 0 2 7 0 0 2 0 5 0 1 6 0 0 3 6 1 0 8 5 0 9 6 8 9 5 3 1 2 7 4 3 2 4 9 8 7 6 5 1 5 7 1 6 4 2 9 8 3 9 6 3 8 7 5 4 1 2 2 5 7 3 1 4 8 9 6 1 4 8 2 6 9 7 3 5 8 1 5 4 9 6 3 2 7 4 9 2 7 5 3 1 6 8 7 3 6 1 2 8 5 4 9 
432555433331 0 0 7 3 0 1 0 0 0 0 0 3 0 2 0 0 0 0 9 0 0 5 0 4 8 0 0 2 0 0 8 4 7 0 0 0 0 7 0 1 0 0 4 8 2 0 0 4 0 3 5 9 0 0 0 2 9 0 0 3 5 0 0 6 0 0 9 0 0 0 0 3 0 0 0 0 0 2 1 9 0 4 6 7 3 8 1 2 5 9 8 5 3 7 2 9 6 4 1 9 1 2 5 6 4 8 3 7 2 9 6 8 4 7 3 1 5 3 7 5 1 9 6 4 8 2 1 8 4 2 3 5 9 7 6 7 2 9 4 1 3 5 6 8 6 4 1 9 5 8 7 2 3 5 3 8 6 7 2 1 9 4 
432555443222 5 7 0 3 0 0 8 0 1 0 8 1 0 0 6 0 3 0 0 0 4 8 0 5 7 6 0 0 0 0 0 3 0 0 0 2 0 0 5 0 8 0 9 7 0 6 0 2 0 0 0 0 0 8 7 2 9 0 0 3 0 0 0 0 6 0 0 2 7 4 0 0 0 0 3 0 0 0 0 0 0 5 7 6 3 9 4 8 2 1 9 8 1 2 7 6 5 3 4 2 3 4 8 1 5 7 6 9 8 4 7 6 3 9 1 5 2 3 1 5 4 8 2 9 7 6 6 9 2 7 5 1 3 4 8 7 2 9 1 4 3 6 8 5 1 6 8 5 2 7 4 9 3 4 5 3 9 6 8 2 1 7 
432555443321 0 0 0 0 0 0 0 0 2 0 6 0 0 0 1 4 0 0 7 4 0 0 0 3 5 0 0 6 2 1 4 0 7 8 3 9 0 0 0 0 3 9 0 0 0 9 0 0 0 2 0 0 5 0 1 9 0 3 0 0 0 0 5 3 7 0 0 0 4 2 0 0 0 0 0 9 7 0 0 4 0 8 1 3 7 4 5 9 6 2 5 6 9 2 8 1 4 7 3 7 4 2 6 9 3 5 1 8 6 2 1 4 5 7 8 3 9 4 8 5 1 3 9 6 2 7 9 3 7 8 2 6 1 5 4 1 9 4 3 6 2 7 8 5 3 7 8 5 1 4 2 9 6 2 5 6 9 7 8 3 4 1 
432644433332 1 0 8 0 0 4 0 2 0 0 0 0 0 7 0 0 0 5 0 0 6 0 9 2 0 7 0 0 0 5 0 0 0 0 0 0 0 9 1 2 0 0 0 3 0 3 8 0 0 0 0 6 5 0 0 6 0 5 4 1 0 9 3 0 0 0 0 3 7 5 0 0 0 5 0 8 0 6 0 0 7 1 7 8 6 5 4 3 2 9 2 3 9 1 7 8 4 6 5 5 4 6 3 9 2 8 7 1 7 2 5 4 6 3 9 1 8 6 9 1 2 8 5 7 3 4 3 8 4 7 1 9 6 5 2 8 6 7 5 4 1 2 9 3 4 1 2 9 3 7 5 8 6 9 5 3 8 2 6 1 4 7 
432654433322 0 8 0 3 0 0 7 0 5 3 6 0 0 0 0 2 8 1 0 0 0 0 0 0 9 0 0 0 7 4 0 0 9 8 5 0 9 0 0 0 0 0 0 0 4 0 1 5 0 4 0 0 0 0 7 5 0 0 0 2 4 1 0 4 0 0 0 1 0 0 0 7 1 0 0 0 6 4 0 2 0 2 8 1 3 9 6 7 4 5 3 6 9 4 7 5 2 8 1 5 4 7 8 2 1 9 3 6 6 7 4 1 3 9 8 5 2 9 3 2 6 5 8 1 7 4 8 1 5 2 4 7 3 6 9 7 5 6 9 8 2 4 1 3 4 2 8 5 1 3 6 9 7 1 9 3 7 6 4 5 2 8 
432654433322 7 3 0 0 0 0 2 0 4 0 0 0 4 0 0 6 0 7 9 0 0 0 7 0 3 8 1 0 0 9 0 0 0 5 7 6 0 6 0 0 9 0 0 1 0 0 0 7 0 0 2 4 0 0 0 0 0 1 0 7 9 4 0 0 0 0 9 0 3 0 0 8 1 0 0 5 8 0 0 0 0 7 3 1 8 6 9 2 5 4 2 5 8 4 3 1 6 9 7 9 4 6 2 7 5 3 8 1 4 2 9 3 1 8 5 7 6 3 6 5 7 9 4 8 1 2 8 1 7 6 5 2 4 3 9 6 8 3 1 2 7 9 4 5 5 7 2 9 4 3 1 6 8 1 9 4 5 8 6 7 2 3 
432654443222 0 0 0 0 0 0 0 0 0 9 0 6 8 0 0 4 0 0 0 0 5 2 4 6 7 1 0 0 0 9 0 0 2 5 0 0 0 0 0 0 0 0 9 6 0 0 0 4 0 0 5 0 8 3 4 0 7 0 0 0 3 0 6 6 0 0 7 3 9 0 5 0 0 0 0 6 0 4 1 7 0 2 4 1 5 9 7 6 3 8 9 7 6 8 1 3 4 2 5 8 3 5 2 4 6 7 1 9 7 8 9 3 6 2 5 4 1 5 2 3 4 8 1 9 6 7 1 6 4 9 7 5 2 8 3 4 5 7 1 2 8 3 9 6 6 1 2 7 3 9 8 5 4 3 9 8 6 5 4 1 7 2 
432654443321 2 0 6 5 9 0 0 3 0 0 5 4 0 0 0 6 0 0 0 0 0 0 0 0 0 8 5 0 3 2 0 5 1 0 4 0 0 0 1 4 0 6 0 5 0 0 4 0 0 3 9 0 1 8 0 2 9 0 0 5 0 0 0 4 0 0 0 0 7 0 0 0 0 0 0 9 0 0 1 2 0 2 7 6 5 9 8 4 3 1 8 5 4 3 1 2 6 7 9 1 9 3 7 6 4 2 8 5 7 3 2 8 5 1 9 4 6 9 8 1 4 7 6 3 5 2 6 4 5 2 3 9 7 1 8 3 2 9 1 4 5 8 6 7 4 1 8 6 2 7 5 9 3 5 6 7 9 8 3 1 2 4 
432654444311 0 6 3 0 5 0 8 0 0 0 2 0 3 0 1 6 0 0 0 0 0 0 2 8 0 1 0 4 0 0 0 0 5 1 0 8 6 0 0 1 3 2 0 0 4 0 0 0 4 0 0 2 6 0 0 0 0 0 0 0 4 0 9 0 0 5 8 0 0 0 7 6 0 0 6 0 0 0 5 0 1 1 6 3 9 5 7 8 4 2 8 2 9 3 4 1 6 5 7 5 7 4 6 2 8 9 1 3 4 9 2 7 6 5 1 3 8 6 5 8 1 3 2 7 9 4 7 3 1 4 8 9 2 6 5 3 8 7 5 1 6 4 2 9 2 1 5 8 9 4 3 7 6 9 4 6 2 7 3 5 8 1 
432655333322 0 9 0 0 0 0 0 2 0 0 6 1 0 0 0 0 0 0 5 0 0 0 3 2 0 1 0 7 3 0 8 1 0 4 0 2 8 0 2 5 0 4 0 0 3 9 0 0 0 2 7 0 5 0 0 0 0 2 0 0 1 4 0 0 0 0 6 7 1 0 0 5 0 8 0 0 5 0 0 0 0 3 9 4 1 6 8 5 2 7 2 6 1 7 4 5 9 3 8 5 7 8 9 3 2 6 1 4 7 3 5 8 1 6 4 9 2 8 1 2 5 9 4 7 6 3 9 4 6 3 2 7 8 5 1 6 5 7 2 8 3 1 4 9 4 2 9 6 7 1 3 8 5 1 8 3 4 5 9 2 7 6 
432655433321 0 0 2 0 0 0 0 0 0 6 0 0 0 0 8 0 9 3 8 7 1 3 2 0 0 0 5 0 0 0 0 9 0 3 1 6 0 0 0 0 0 3 0 5 0 0 0 0 0 5 0 9 0 2 7 0 3 9 0 0 5 2 0 5 0 0 0 0 0 0 0 9 0 4 0 0 0 5 1 6 7 3 9 2 5 6 4 8 7 1 6 5 4 7 1 8 2 9 3 8 7 1 3 2 9 6 4 5 4 8 5 2 9 7 3 1 6 9 2 6 1 8 3 7 5 4 1 3 7 4 5 6 9 8 2 7 6 3 9 4 1 5 2 8 5 1 8 6 7 2 4 3 9 2 4 9 8 3 5 1 6 7 
432655433321 0 1 2 3 0 0 0 8 7 6 0 4 2 8 7 0 1 0 0 0 0 0 5 6 0 0 0 1 7 0 0 0 4 2 3 5 0 6 0 0 0 0 0 0 0 2 0 0 8 0 0 0 6 0 0 0 0 0 3 2 8 0 0 0 0 1 0 0 8 0 4 0 0 2 9 0 0 0 0 0 6 5 1 2 3 4 9 6 8 7 6 3 4 2 8 7 5 1 9 9 8 7 1 5 6 4 2 3 1 7 8 6 9 4 2 3 5 4 6 3 5 2 1 7 9 8 2 9 5 8 7 3 1 6 4 7 4 6 9 3 2 8 5 1 3 5 1 7 6 8 9 4 2 8 2 9 4 1 5 3 7 6 
432655442222 5 0 2 8 0 0 0 0 0 0 9 0 0 0 0 8 2 0 8 0 7 1 4 2 0 9 0 0 5 0 0 0 0 0 8 0 0 0 3 5 8 0 9 0 0 0 2 0 0 7 3 0 0 5 0 0 5 0 0 8 6 0 0 3 0 0 0 0 0 0 4 0 0 0 9 0 1 6 2 0 3 5 4 2 8 6 9 7 3 1 6 9 1 3 5 7 8 2 4 8 3 7 1 4 2 5 9 6 9 5 4 6 2 1 3 8 7 7 6 3 5 8 4 9 1 2 1 2 8 9 7 3 4 6 5 2 1 5 4 3 8 6 7 9 3 7 6 2 9 5 1 4 8 4 8 9 7 1 6 2 5 3 
432655443221 7 0 5 0 0 2 0 0 0 0 1 0 0 0 0 0 0 0 0 3 0 4 6 0 5 0 1 0 0 3 0 7 4 9 0 2 0 4 0 2 0 0 0 6 5 0 0 0 0 3 5 4 1 0 0 0 0 0 4 3 2 0 0 4 0 0 5 8 0 6 0 0 3 8 0 0 0 6 0 0 0 7 6 5 3 1 2 8 4 9 2 1 4 9 5 8 7 3 6 9 3 8 4 6 7 5 2 1 1 5 3 6 7 4 9 8 2 8 4 7 2 9 1 3 6 5 6 9 2 8 3 5 4 1 7 5 7 6 1 4 3 2 9 8 4 2 1 5 8 9 6 7 3 3 8 9 7 2 6 1 5 4 
432655443221 6 0 0 0 3 1 0 0 7 7 1 0 9 0 0 0 0 8 0 4 0 0 8 7 0 1 3 0 9 0 0 6 0 1 0 0 0 6 0 0 0 0 8 0 0 0 3 0 0 0 0 0 2 6 1 5 0 0 0 3 7 0 2 0 0 9 1 0 0 0 0 4 0 0 0 7 0 8 3 0 0 6 8 2 5 3 1 9 4 7 7 1 3 9 4 2 6 5 8 9 4 5 6 8 7 2 1 3 8 9 7 2 6 4 1 3 5 2 6 4 3 1 5 8 7 9 5 3 1 8 7 9 4 2 6 1 5 8 4 9 3 7 6 2 3 7 9 1 2 6 5 8 4 4 2 6 7 5 8 3 9 1 
432655543220 0 0 0 6 0 0 1 8 9 0 8 0 0 1 5 0 2 6 0 0 0 0 0 0 4 3 0 0 2 0 0 0 0 0 9 3 0 6 0 0 5 0 2 0 0 3 0 9 8 0 0 0 0 0 0 0 2 0 0 8 9 0 0 0 0 0 2 0 6 8 4 1 0 0 1 0 9 0 0 6 2 7 3 5 6 4 2 1 8 9 9 8 4 3 1 5 7 2 6 2 1 6 7 8 9 4 3 5 1 2 8 4 6 7 5 9 3 4 6 7 9 5 3 2 1 8 3 5 9 8 2 1 6 7 4 6 4 2 1 3 8 9 5 7 5 9 3 2 7 6 8 4 1 8 7 1 5 9 4 3 6 2 
432664433321 5 2 0 8 1 0 0 0 0 0 0 0 4 0 0 7 0 6 9 0 0 0 0 0 0 1 0 0 0 0 0 0 0 5 0 0 0 5 0 9 6 0 0 0 1 2 0 0 5 0 0 0 6 9 7 9 0 1 0 2 0 3 0 1 0 2 7 4 0 0 9 0 0 4 0 0 9 8 1 0 0 5 2 7 8 1 6 9 4 3 8 3 1 4 2 9 7 5 6 9 6 4 3 7 5 2 1 8 6 1 9 2 3 4 5 8 7 4 5 8 9 6 7 3 2 1 2 7 3 5 8 1 4 6 9 7 9 6 1 5 2 8 3 4 1 8 2 7 4 3 6 9 5 3 4 5 6 9 8 1 7 2 
432665443211 0 0 3 0 0 0 0 0 4 4 0 0 3 0 0 0 9 2 2 0 9 6 4 0 5 0 0 0 7 0 4 0 0 0 0 9 0 0 6 0 0 0 0 4 0 9 0 0 0 5 3 0 1 0 8 9 2 0 6 0 0 0 0 0 3 5 2 9 1 0 0 0 0 4 0 5 0 0 0 2 0 7 5 3 9 8 2 1 6 4 4 6 8 3 1 5 7 9 2 2 1 9 6 4 7 5 8 3 5 7 1 4 2 6 8 3 9 3 8 6 1 7 9 2 4 5 9 2 4 8 5 3 6 1 7 8 9 2 7 6 4 3 5 1 6 3 5 2 9 1 4 7 8 1 4 7 5 3 8 9 2 6 
432666433211 0 0 0 0 0 8 2 7 0 2 0 6 7 0 3 0 0 1 8 7 0 0 2 0 0 3 5 0 1 8 4 0 0 3 2 0 7 0 0 0 0 5 9 0 8 0 0 3 0 0 0 0 0 6 0 0 7 3 1 0 0 0 0 0 5 0 0 8 0 0 0 0 3 8 0 0 0 7 0 0 0 1 3 5 6 9 8 2 7 4 2 4 6 7 5 3 8 9 1 8 7 9 1 2 4 6 3 5 5 1 8 4 6 9 3 2 7 7 6 4 2 3 5 9 1 8 9 2 3 8 7 1 4 5 6 4 9 7 3 1 6 5 8 2 6 5 1 9 8 2 7 4 3 3 8 2 5 4 7 1 6 9 
432754433321 0 1 0 9 0 0 0 0 6 0 8 9 0 0 3 0 0 0 0 4 0 5 0 0 9 7 0 0 0 0 2 0 0 0 5 0 9 5 0 8 0 0 0 0 2 0 6 0 0 5 1 7 0 0 0 0 7 6 0 0 0 8 9 0 9 0 0 2 0 4 1 0 0 0 5 1 0 9 2 0 0 5 1 2 9 7 8 3 4 6 7 8 9 4 6 3 1 2 5 6 4 3 5 1 2 9 7 8 3 7 4 2 9 6 8 5 1 9 5 1 8 4 7 6 3 2 2 6 8 3 5 1 7 9 4 1 2 7 6 3 4 5 8 9 8 9 6 7 2 5 4 1 3 4 3 5 1 8 9 2 6 7 
432755533220 7 4 0 0 0 0 0 8 5 9 5 0 0 0 4 3 2 7 3 0 8 0 0 0 9 4 0 5 0 0 2 0 1 0 0 0 0 0 3 0 0 8 0 5 0 0 7 0 0 5 0 2 3 0 8 3 0 0 2 0 5 0 0 0 0 5 8 0 0 0 0 0 0 1 0 0 0 0 0 0 2 7 4 2 1 9 3 6 8 5 9 5 1 6 8 4 3 2 7 3 6 8 5 7 2 9 4 1 5 8 9 2 3 1 7 6 4 4 2 3 7 6 8 1 5 9 1 7 6 4 5 9 2 3 8 8 3 4 9 2 7 5 1 6 2 9 5 8 1 6 4 7 3 6 1 7 3 4 5 8 9 2 
432764333222 0 6 1 0 0 0 0 0 8 5 0 2 0 8 0 0 0 0 0 0 0 1 0 0 2 0 0 0 0 6 8 0 3 5 0 0 0 5 0 0 0 0 4 0 2 4 0 7 2 0 0 9 0 0 6 0 5 0 0 0 0 2 0 0 7 3 4 0 2 0 0 5 2 9 0 5 1 8 0 0 0 7 6 1 9 2 5 3 4 8 5 3 2 6 8 4 7 1 9 8 4 9 1 3 7 2 5 6 9 2 6 8 4 3 5 7 1 3 5 8 7 9 1 4 6 2 4 1 7 2 5 6 9 8 3 6 8 5 3 7 9 1 2 4 1 7 3 4 6 2 8 9 5 2 9 4 5 1 8 6 3 7 
432764433221 0 5 9 1 0 7 0 0 0 0 4 0 0 5 0 0 0 0 0 0 0 9 0 0 5 8 7 0 0 0 5 0 0 7 0 0 0 7 0 0 0 0 3 0 2 5 0 0 4 0 3 0 1 8 0 0 0 2 0 0 0 0 6 3 0 1 7 0 0 8 2 5 0 2 0 0 8 5 0 7 0 8 5 9 1 6 7 2 3 4 2 4 7 3 5 8 9 6 1 6 1 3 9 4 2 5 8 7 1 3 8 5 2 6 7 4 9 4 7 6 8 1 9 3 5 2 5 9 2 4 7 3 6 1 8 7 8 5 2 3 1 4 9 6 3 6 1 7 9 4 8 2 5 9 2 4 6 8 5 1 7 3 
432765332222 4 3 0 0 0 0 0 9 0 5 9 0 0 0 0 0 0 3 0 0 0 0 3 0 5 7 0 0 0 9 5 0 0 1 8 0 1 0 0 0 8 0 0 0 4 2 0 0 6 0 0 3 5 9 0 0 0 8 0 0 9 0 5 9 0 2 3 0 5 0 0 0 7 6 0 1 9 0 0 0 0 4 3 1 7 5 8 6 9 2 5 9 7 2 6 1 8 4 3 8 2 6 4 3 9 5 7 1 6 4 9 5 2 3 1 8 7 1 5 3 9 8 7 2 6 4 2 7 8 6 1 4 3 5 9 3 1 4 8 7 6 9 2 5 9 8 2 3 4 5 7 1 6 7 6 5 1 9 2 4 3 8 
432765532211 0 0 0 0 0 6 2 7 3 0 2 0 3 0 0 0 0 1 9 0 0 0 1 0 0 5 0 3 0 0 0 9 1 0 0 0 0 0 0 0 7 3 1 0 0 4 1 8 0 0 2 7 0 9 1 3 0 6 0 0 0 0 0 0 0 0 0 2 0 3 9 0 0 9 0 0 0 5 0 1 2 8 4 1 9 5 6 2 7 3 5 2 6 3 4 7 9 8 1 9 7 3 2 1 8 6 5 4 3 6 7 8 9 1 4 2 5 2 5 9 4 7 3 1 6 8 4 1 8 5 6 2 7 3 9 1 3 2 6 8 9 5 4 7 7 8 5 1 2 4 3 9 6 6 9 4 7 3 5 8 1 2 
432766432211 5 0 0 4 0 0 1 0 6 0 7 6 0 0 0 5 4 0 4 0 0 0 1 0 9 0 8 2 6 5 0 4 0 0 0 0 0 1 0 6 0 5 0 0 0 0 0 0 2 0 0 0 6 5 0 0 0 3 0 7 0 0 1 0 0 9 1 6 0 0 5 0 0 0 1 0 5 0 0 0 2 5 9 8 4 7 3 1 2 6 1 7 6 8 2 9 5 4 3 4 2 3 5 1 6 9 7 8 2 6 5 7 4 8 3 1 9 9 1 7 6 3 5 2 8 4 8 3 4 2 9 1 7 6 5 6 5 2 3 8 7 4 9 1 3 4 9 1 6 2 8 5 7 7 8 1 9 5 4 6 3 2 
432774333221 2 0 0 0 0 0 5 0 3 5 0 0 0 0 0 0 2 8 8 9 0 5 2 3 0 0 0 0 0 0 0 3 9 0 5 0 3 5 6 0 0 7 0 0 0 0 0 0 4 0 0 3 0 7 4 0 0 3 0 5 0 0 9 0 0 5 0 6 4 0 0 1 0 7 0 0 9 0 0 3 0 2 4 7 9 8 6 5 1 3 5 6 3 7 4 1 9 2 8 8 9 1 5 2 3 7 4 6 7 8 4 6 3 9 1 5 2 3 5 6 2 1 7 8 9 4 1 2 9 4 5 8 3 6 7 4 1 2 3 7 5 6 8 9 9 3 5 8 6 4 2 7 1 6 7 8 1 9 2 4 3 5 
432775433210 7 0 0 9 1 0 0 8 6 0 8 0 0 6 5 0 9 0 0 0 9 8 0 0 0 0 4 0 9 0 5 3 0 4 6 0 0 0 0 0 9 0 3 0 0 0 0 6 0 0 0 0 0 0 6 4 0 3 0 1 9 0 8 0 1 8 6 0 9 0 0 0 0 0 0 0 0 0 6 0 1 7 2 3 9 1 4 5 8 6 4 8 1 7 6 5 2 9 3 5 6 9 8 2 3 1 7 4 1 9 2 5 3 8 4 6 7 8 7 4 1 9 6 3 5 2 3 5 6 4 7 2 8 1 9 6 4 7 3 5 1 9 2 8 2 1 8 6 4 9 7 3 5 9 3 5 2 8 7 6 4 1 
433554433333 0 5 0 0 0 0 0 8 0 0 0 0 0 0 0 0 0 0 4 7 0 0 5 3 6 1 2 0 8 1 0 9 6 5 4 3 0 6 3 5 0 8 0 0 0 0 0 7 0 3 0 0 0 0 6 0 0 0 0 0 0 7 9 0 1 2 0 6 9 0 5 0 8 0 0 0 0 4 2 0 0 3 5 9 6 1 2 4 8 7 1 2 6 4 8 7 3 9 5 4 7 8 9 5 3 6 1 2 2 8 1 7 9 6 5 4 3 9 6 3 5 4 8 7 2 1 5 4 7 2 3 1 9 6 8 6 3 4 8 2 5 1 7 9 7 1 2 3 6 9 8 5 4 8 9 5 1 7 4 2 3 6 
433554443332 0 6 0 0 0 9 8 0 3 0 0 0 0 0 0 0 0 0 0 5 0 7 0 0 0 0 4 6 7 8 0 5 0 0 4 0 2 0 1 0 0 0 5 0 0 5 0 0 8 0 1 0 3 0 4 9 6 0 0 0 2 0 0 0 8 2 1 9 7 0 6 0 7 0 0 6 0 0 0 8 9 1 6 7 4 2 9 8 5 3 8 2 4 3 1 5 7 9 6 9 5 3 7 8 6 1 2 4 6 7 8 2 5 3 9 4 1 2 3 1 9 6 4 5 7 8 5 4 9 8 7 1 6 3 2 4 9 6 5 3 8 2 1 7 3 8 2 1 9 7 4 6 5 7 1 5 6 4 2 3 8 9 
433554443332 2 9 7 0 0 0 0 4 5 0 5 0 8 0 9 0 3 0 3 0 8 0 0 0 1 0 0 0 0 9 1 2 0 3 0 8 0 0 0 9 0 6 0 7 1 0 0 0 7 0 0 0 0 0 0 0 0 0 0 7 0 0 0 9 7 0 2 6 0 5 0 0 8 2 4 3 0 0 0 0 6 2 9 7 6 1 3 8 4 5 1 5 6 8 4 9 2 3 7 3 4 8 5 7 2 1 6 9 7 6 9 1 2 4 3 5 8 5 8 2 9 3 6 4 7 1 4 3 1 7 5 8 6 9 2 6 1 5 4 8 7 9 2 3 9 7 3 2 6 1 5 8 4 8 2 4 3 9 5 7 1 6 
433554443332 3 0 1 0 6 7 9 5 8 0 0 0 0 0 3 0 4 0 0 7 0 0 0 0 0 0 0 0 0 0 6 0 1 0 8 0 0 0 0 8 0 0 6 0 4 6 8 3 0 7 4 0 0 1 9 0 0 1 2 0 0 0 0 0 0 5 7 4 0 1 2 0 0 0 2 0 5 0 0 6 0 3 2 1 4 6 7 9 5 8 5 9 8 2 1 3 7 4 6 4 7 6 9 8 5 3 1 2 2 4 9 6 3 1 5 8 7 1 5 7 8 9 2 6 3 4 6 8 3 5 7 4 2 9 1 9 3 4 1 2 6 8 7 5 8 6 5 7 4 9 1 2 3 7 1 2 3 5 8 4 6 9 
433554443332 0 9 8 0 6 0 0 0 0 0 7 2 0 1 4 0 0 0 1 6 0 9 5 2 0 8 0 0 1 0 0 0 0 0 0 3 0 0 7 2 0 0 6 4 0 0 0 0 3 0 6 0 1 5 6 0 1 5 4 0 9 0 0 7 0 5 0 0 0 0 0 4 9 0 0 0 0 8 0 0 0 4 9 8 7 6 3 1 5 2 5 7 2 8 1 4 3 9 6 1 6 3 9 5 2 4 8 7 8 1 6 4 9 5 7 2 3 3 5 7 2 8 1 6 4 9 2 4 9 3 7 6 8 1 5 6 2 1 5 4 7 9 3 8 7 8 5 1 3 9 2 6 4 9 3 4 6 2 8 5 7 1 
433554444331 6 0 0 0 0 0 0 0 4 3 0 4 0 0 0 0 0 1 5 7 0 0 0 0 9 0 0 0 0 3 0 0 0 4 1 2 0 0 7 0 1 0 0 9 0 0 0 0 0 0 9 7 0 5 0 0 0 4 9 0 0 2 7 0 0 2 0 5 0 1 6 0 0 3 6 1 2 8 5 0 9 6 8 9 5 3 1 2 7 4 3 2 4 9 8 7 6 5 1 5 7 1 6 4 2 9 8 3 9 6 3 8 7 5 4 1 2 2 5 7 3 1 4 8 9 6 1 4 8 2 6 9 7 3 5 8 1 5 4 9 6 3 2 7 4 9 2 7 5 3 1 6 8 7 3 6 1 2 8 5 4 9 
433554444421 2 3 0 9 0 5 0 8 6 0 0 5 0 0 8 0 0 3 0 8 0 2 0 0 7 5 0 0 0 0 6 0 1 3 0 0 0 4 0 0 2 0 0 0 0 0 0 3 0 0 7 0 2 9 0 2 1 0 7 6 0 3 0 0 0 0 0 8 0 6 1 0 0 0 0 1 0 0 0 7 5 2 3 7 9 1 5 4 8 6 4 1 5 7 6 8 2 9 3 9 8 6 2 3 4 7 5 1 7 9 2 6 5 1 3 4 8 1 4 8 3 2 9 5 6 7 6 5 3 8 4 7 1 2 9 8 2 1 5 7 6 9 3 4 5 7 9 4 8 3 6 1 2 3 6 4 1 9 2 8 7 5 
433555433332 7 0 0 0 0 0 9 0 5 8 0 4 3 5 0 0 0 0 0 1 0 9 2 0 0 4 0 6 0 0 0 8 9 2 7 0 0 0 0 0 7 0 4 5 0 0 0 7 5 6 3 0 0 9 0 0 8 0 3 5 0 0 0 1 0 0 8 0 0 0 6 0 0 2 0 7 0 0 0 0 8 7 3 2 6 1 4 9 8 5 8 9 4 3 5 7 6 2 1 5 1 6 9 2 8 3 4 7 6 5 1 4 8 9 2 7 3 3 8 9 2 7 1 4 5 6 2 4 7 5 6 3 8 1 9 4 6 8 1 3 5 7 9 2 1 7 3 8 9 2 5 6 4 9 2 5 7 4 6 1 3 8 
433555433332 6 3 8 0 0 0 0 0 0 0 4 0 2 0 6 0 0 9 0 1 0 0 0 7 0 6 3 0 8 2 0 0 4 0 0 0 0 0 7 6 0 0 9 0 8 0 0 6 0 0 1 0 3 2 8 2 4 0 0 5 0 0 0 9 0 1 3 0 0 0 0 5 0 0 3 7 0 8 0 0 0 6 3 8 5 1 9 2 7 4 7 4 5 2 3 6 8 1 9 2 1 9 4 8 7 5 6 3 3 8 2 9 7 4 1 5 6 1 5 7 6 2 3 9 4 8 4 9 6 8 5 1 7 3 2 8 2 4 1 6 5 3 9 7 9 7 1 3 4 2 6 8 5 5 6 3 7 9 8 4 2 1 
433555443331 0 0 7 3 0 1 0 0 0 0 0 3 0 2 0 0 0 0 9 0 0 5 0 4 8 0 0 2 0 0 8 4 7 0 0 0 0 7 5 1 0 0 4 8 2 0 0 4 0 3 5 9 0 0 0 2 9 0 0 3 5 0 0 6 0 0 9 0 0 0 0 3 0 0 0 0 0 2 1 9 0 4 6 7 3 8 1 2 5 9 8 5 3 7 2 9 6 4 1 9 1 2 5 6 4 8 3 7 2 9 6 8 4 7 3 1 5 3 7 5 1 9 6 4 8 2 1 8 4 2 3 5 9 7 6 7 2 9 4 1 3 5 6 8 6 4 1 9 5 8 7 2 3 5 3 8 6 7 2 1 9 4 
433555444321 0 0 0 0 0 0 0 0 2 0 6 0 0 0 1 4 0 0 7 4 0 0 0 3 5 0 0 6 2 1 4 0 7 8 3 9 0 0 0 1 3 9 0 0 0 9 0 0 0 2 0 0 5 0 1 9 0 3 0 0 0 0 5 3 7 0 0 0 4 2 0 0 0 0 0 9 7 0 0 4 0 8 1 3 7 4 5 9 6 2 5 6 9 2 8 1 4 7 3 7 4 2 6 9 3 5 1 8 6 2 1 4 5 7 8 3 9 4 8 5 1 3 9 6 2 7 9 3 7 8 2 6 1 5 4 1 9 4 3 6 2 7 8 5 3 7 8 5 1 4 2 9 6 2 5 6 9 7 8 3 4 1 
433555444330 0 0 0 0 0 0 0 8 0 3 0 5 8 0 6 7 0 0 1 2 0 0 7 0 0 3 0 2 0 0 1 6 8 0 7 0 4 0 0 0 5 0 1 6 0 6 0 1 4 0 0 0 0 0 0 3 0 0 4 2 0 0 0 5 0 0 3 8 0 0 2 7 8 0 0 6 0 0 3 0 0 7 6 9 5 3 1 4 8 2 3 4 5 8 2 6 7 9 1 1 2 8 9 7 4 5 3 6 2 5 3 1 6 8 9 7 4 4 9 7 2 5 3 1 6 8 6 8 1 4 9 7 2 5 3 9 3 6 7 4 2 8 1 5 5 1 4 3 8 9 6 2 7 8 7 2 6 1 5 3 4 9 
433654443322 9 0 0 1 0 5 0 6 0 6 1 0 8 0 0 4 0 9 4 8 0 3 6 0 0 0 0 1 0 9 4 0 0 0 0 0 0 0 8 0 9 1 0 7 0 0 0 0 2 5 0 3 0 0 0 0 6 0 0 3 9 5 0 0 0 0 0 8 6 7 0 0 0 0 0 0 2 4 0 0 6 9 3 2 1 4 5 8 6 7 6 1 5 8 7 2 4 3 9 4 8 7 3 6 9 2 1 5 1 5 9 4 3 7 6 2 8 3 2 8 6 9 1 5 7 4 7 6 4 2 5 8 3 9 1 8 4 6 7 1 3 9 5 2 2 9 1 5 8 6 7 4 3 5 7 3 9 2 4 1 8 6 
433654444411 0 6 3 0 5 0 8 0 0 0 2 0 3 0 1 6 0 0 0 0 0 0 2 8 0 1 0 4 0 0 0 0 5 1 0 8 6 0 0 1 3 2 0 0 4 0 0 0 4 0 0 2 6 0 0 0 0 0 0 0 4 0 9 0 0 5 8 0 0 0 7 6 0 0 6 0 0 3 5 0 1 1 6 3 9 5 7 8 4 2 8 2 9 3 4 1 6 5 7 5 7 4 6 2 8 9 1 3 4 9 2 7 6 5 1 3 8 6 5 8 1 3 2 7 9 4 7 3 1 4 8 9 2 6 5 3 8 7 5 1 6 4 2 9 2 1 5 8 9 4 3 7 6 9 4 6 2 7 3 5 8 1 
433655433322 0 0 9 0 5 3 0 0 1 0 5 8 0 4 0 0 3 2 0 0 0 7 0 0 0 0 0 1 0 2 5 9 0 0 0 7 0 7 0 0 3 0 9 0 0 0 0 0 0 0 7 0 0 6 5 0 4 2 0 0 1 6 0 0 1 7 3 6 0 0 5 0 8 0 0 0 0 0 0 7 3 4 2 9 6 5 3 7 8 1 7 5 8 9 4 1 6 3 2 3 6 1 7 8 2 4 9 5 1 8 2 5 9 6 3 4 7 6 7 5 1 3 4 9 2 8 9 4 3 8 2 7 5 1 6 5 3 4 2 7 8 1 6 9 2 1 7 3 6 9 8 5 4 8 9 6 4 1 5 2 7 3 
433655443321 6 0 0 5 0 0 1 9 0 1 5 0 0 0 9 0 0 6 0 7 8 1 6 0 0 4 0 0 0 7 9 0 1 0 0 0 0 0 0 0 0 2 5 0 0 2 0 0 8 0 0 3 0 0 0 0 5 6 0 4 9 8 1 0 0 0 0 1 5 4 0 2 0 0 0 0 9 8 0 0 0 6 2 3 5 4 7 1 9 8 1 5 4 2 8 9 7 3 6 9 7 8 1 6 3 2 4 5 5 6 7 9 3 1 8 2 4 3 8 1 4 7 2 5 6 9 2 4 9 8 5 6 3 1 7 7 3 5 6 2 4 9 8 1 8 9 6 3 1 5 4 7 2 4 1 2 7 9 8 6 5 3 
433655444221 1 2 0 0 0 0 8 0 0 0 3 0 1 0 0 2 0 0 5 0 8 0 2 0 0 3 0 6 1 0 0 3 0 0 2 0 0 0 0 4 0 0 0 7 0 8 7 0 0 5 0 3 0 1 4 8 0 0 0 5 0 0 3 0 0 0 3 9 0 4 0 5 0 0 0 8 0 4 6 0 2 1 2 7 5 4 3 8 6 9 9 3 6 1 8 7 2 5 4 5 4 8 9 2 6 1 3 7 6 1 4 7 3 9 5 2 8 2 5 3 4 1 8 9 7 6 8 7 9 6 5 2 3 4 1 4 8 1 2 6 5 7 9 3 7 6 2 3 9 1 4 8 5 3 9 5 8 7 4 6 1 2 
433655543221 0 0 0 6 0 0 1 8 9 0 8 0 0 1 5 7 2 6 0 0 0 0 0 0 4 3 0 0 2 0 0 0 0 0 9 3 0 6 0 0 5 0 2 0 0 3 0 9 8 0 0 0 0 0 0 0 2 0 0 8 9 0 0 0 0 0 2 0 6 8 4 1 0 0 1 0 9 0 0 6 2 7 3 5 6 4 2 1 8 9 9 8 4 3 1 5 7 2 6 2 1 6 7 8 9 4 3 5 1 2 8 4 6 7 5 9 3 4 6 7 9 5 3 2 1 8 3 5 9 8 2 1 6 7 4 6 4 2 1 3 8 9 5 7 5 9 3 2 7 6 8 4 1 8 7 1 5 9 4 3 6 2 
433665433321 0 1 2 3 0 0 0 8 7 6 0 4 2 8 7 0 1 0 0 0 0 0 5 6 0 0 0 1 7 0 0 0 4 2 3 5 0 6 0 0 0 0 0 0 0 2 0 0 8 0 0 0 6 0 0 0 6 0 3 2 8 0 0 0 0 1 0 0 8 0 4 0 0 2 9 0 0 0 0 0 6 5 1 2 3 4 9 6 8 7 6 3 4 2 8 7 5 1 9 9 8 7 1 5 6 4 2 3 1 7 8 6 9 4 2 3 5 4 6 3 5 2 1 7 9 8 2 9 5 8 7 3 1 6 4 7 4 6 9 3 2 8 5 1 3 5 1 7 6 8 9 4 2 8 2 9 4 1 5 3 7 6 
433665443221 6 0 0 0 3 1 0 0 7 7 1 0 9 0 0 0 0 8 0 4 0 0 8 7 0 1 3 0 9 0 0 6 0 1 0 0 0 6 0 0 0 0 8 0 0 0 3 0 0 0 0 0 2 6 1 5 0 0 0 3 7 0 2 0 7 9 1 0 0 0 0 4 0 0 0 7 0 8 3 0 0 6 8 2 5 3 1 9 4 7 7 1 3 9 4 2 6 5 8 9 4 5 6 8 7 2 1 3 8 9 7 2 6 4 1 3 5 2 6 4 3 1 5 8 7 9 5 3 1 8 7 9 4 2 6 1 5 8 4 9 3 7 6 2 3 7 9 1 2 6 5 8 4 4 2 6 7 5 8 3 9 1 
433665443311 9 0 4 1 0 5 8 0 0 0 0 0 9 0 4 0 0 0 1 5 0 0 8 0 9 0 0 3 0 0 0 5 0 4 8 0 0 9 0 4 0 0 6 0 3 5 4 0 6 0 0 0 1 0 0 0 5 0 0 6 7 4 0 0 0 0 0 0 0 3 9 1 0 0 0 0 0 0 5 2 6 9 7 4 1 6 5 8 3 2 8 2 3 9 7 4 1 6 5 1 5 6 2 8 3 9 7 4 3 6 2 7 5 1 4 8 9 7 9 1 4 2 8 6 5 3 5 4 8 6 3 9 2 1 7 2 1 5 3 9 6 7 4 8 6 8 7 5 4 2 3 9 1 4 3 9 8 1 7 5 2 6 
433666543210 0 8 4 7 0 1 0 0 2 0 0 2 3 0 6 0 0 7 6 7 0 0 9 0 0 0 0 0 0 7 0 6 3 0 2 9 0 0 3 9 0 0 7 6 0 9 0 0 0 0 0 3 0 1 0 0 0 0 3 0 9 7 0 2 0 0 6 0 0 8 0 3 0 0 0 0 0 8 0 0 6 3 8 4 7 5 1 6 9 2 5 9 2 3 4 6 1 8 7 6 7 1 8 9 2 5 3 4 8 5 7 1 6 3 4 2 9 4 1 3 9 2 5 7 6 8 9 2 6 4 8 7 3 5 1 1 6 8 2 3 4 9 7 5 2 4 5 6 7 9 8 1 3 7 3 9 5 1 8 2 4 6 
433754433322 7 3 0 0 0 0 2 0 4 0 0 0 4 0 0 6 0 7 9 0 0 0 7 0 3 8 1 0 0 9 0 0 0 5 7 6 0 6 0 7 9 0 0 1 0 0 0 7 0 0 2 4 0 0 0 0 0 1 0 7 9 4 0 0 0 0 9 0 3 0 0 8 1 0 0 5 8 0 0 0 0 7 3 1 8 6 9 2 5 4 2 5 8 4 3 1 6 9 7 9 4 6 2 7 5 3 8 1 4 2 9 3 1 8 5 7 6 3 6 5 7 9 4 8 1 2 8 1 7 6 5 2 4 3 9 6 8 3 1 2 7 9 4 5 5 7 2 9 4 3 1 6 8 1 9 4 5 8 6 7 2 3 
433766532211 0 0 0 0 0 6 2 7 3 0 2 0 3 0 0 9 0 1 9 0 0 0 1 0 0 5 0 3 0 0 0 9 1 0 0 0 0 0 0 0 7 3 1 0 0 4 1 8 0 0 2 7 0 9 1 3 0 6 0 0 0 0 0 0 0 0 0 2 0 3 9 0 0 9 0 0 0 5 0 1 2 8 4 1 9 5 6 2 7 3 5 2 6 3 4 7 9 8 1 9 7 3 2 1 8 6 5 4 3 6 7 8 9 1 4 2 5 2 5 9 4 7 3 1 6 8 4 1 8 5 6 2 7 3 9 1 3 2 6 8 9 5 4 7 7 8 5 1 2 4 3 9 6 6 9 4 7 3 5 8 1 2 
433774333222 2 0 0 0 0 0 5 0 3 5 0 0 0 0 0 0 2 8 8 9 0 5 2 3 0 0 0 0 0 0 0 3 9 1 5 0 3 5 6 0 0 7 0 0 0 0 0 0 4 0 0 3 0 7 4 0 0 3 0 5 0 0 9 0 0 5 0 6 4 0 0 1 0 7 0 0 9 0 0 3 0 2 4 7 9 8 6 5 1 3 5 6 3 7 4 1 9 2 8 8 9 1 5 2 3 7 4 6 7 8 4 6 3 9 1 5 2 3 5 6 2 1 7 8 9 4 1 2 9 4 5 8 3 6 7 4 1 2 3 7 5 6 8 9 9 3 5 8 6 4 2 7 1 6 7 8 1 9 2 4 3 5 
433774333321 0 3 5 0 2 9 0 0 0 6 0 0 4 0 3 0 9 0 0 0 0 0 0 0 7 0 0 2 4 3 8 9 0 0 1 0 0 0 0 2 0 0 9 0 4 0 0 0 0 4 6 0 8 0 9 0 4 0 6 0 0 0 0 0 0 0 0 5 4 8 6 9 5 0 0 9 0 0 4 7 0 7 3 5 6 2 9 1 4 8 6 1 8 4 7 3 2 9 5 4 9 2 5 1 8 7 3 6 2 4 3 8 9 5 6 1 7 8 7 6 2 3 1 9 5 4 1 5 9 7 4 6 3 8 2 9 8 4 3 6 7 5 2 1 3 2 7 1 5 4 8 6 9 5 6 1 9 8 2 4 7 3 
433774433221 0 8 4 9 0 0 0 0 0 9 0 5 4 0 2 0 0 0 3 6 0 0 8 0 9 4 0 5 0 8 0 0 0 0 0 4 0 0 0 8 0 1 0 7 2 6 2 0 0 0 4 3 8 0 0 0 9 0 0 0 0 0 0 0 3 0 5 0 8 4 0 0 1 4 0 2 0 0 8 0 0 7 8 4 9 3 6 2 1 5 9 1 5 4 7 2 6 3 8 3 6 2 1 8 5 9 4 7 5 7 8 3 2 9 1 6 4 4 9 3 8 6 1 5 7 2 6 2 1 7 5 4 3 8 9 8 5 9 6 4 3 7 2 1 2 3 7 5 1 8 4 9 6 1 4 6 2 9 7 8 5 3 
433855533220 7 4 0 0 0 0 0 8 5 9 5 0 0 0 4 3 2 7 3 0 8 5 0 0 9 4 0 5 0 0 2 0 1 0 0 0 0 0 3 0 0 8 0 5 0 0 7 0 0 5 0 2 3 0 8 3 0 0 2 0 5 0 0 0 0 5 8 0 0 0 0 0 0 1 0 0 0 0 0 0 2 7 4 2 1 9 3 6 8 5 9 5 1 6 8 4 3 2 7 3 6 8 5 7 2 9 4 1 5 8 9 2 3 1 7 6 4 4 2 3 7 6 8 1 5 9 1 7 6 4 5 9 2 3 8 8 3 4 9 2 7 5 1 6 2 9 5 8 1 6 4 7 3 6 1 7 3 4 5 8 9 2 
433864333222 0 6 1 0 0 0 0 0 8 5 0 2 0 8 0 0 0 0 0 0 0 1 0 0 2 0 0 0 2 6 8 0 3 5 0 0 0 5 0 0 0 0 4 0 2 4 0 7 2 0 0 9 0 0 6 0 5 0 0 0 0 2 0 0 7 3 4 0 2 0 0 5 2 9 0 5 1 8 0 0 0 7 6 1 9 2 5 3 4 8 5 3 2 6 8 4 7 1 9 8 4 9 1 3 7 2 5 6 9 2 6 8 4 3 5 7 1 3 5 8 7 9 1 4 6 2 4 1 7 2 5 6 9 8 3 6 8 5 3 7 9 1 2 4 1 7 3 4 6 2 8 9 5 2 9 4 5 1 8 6 3 7 
434554444332 0 6 0 0 0 9 8 0 3 0 0 0 0 0 0 0 0 0 0 5 0 7 0 0 0 0 4 6 7 8 0 5 0 0 4 0 2 0 1 0 0 0 5 0 0 5 4 0 8 0 1 0 3 0 4 9 6 0 0 0 2 0 0 0 8 2 1 9 7 0 6 0 7 0 0 6 0 0 0 8 9 1 6 7 4 2 9 8 5 3 8 2 4 3 1 5 7 9 6 9 5 3 7 8 6 1 2 4 6 7 8 2 5 3 9 4 1 2 3 1 9 6 4 5 7 8 5 4 9 8 7 1 6 3 2 4 9 6 5 3 8 2 1 7 3 8 2 1 9 7 4 6 5 7 1 5 6 4 2 3 8 9 
434555433333 0 5 0 0 0 0 0 8 0 0 0 0 0 8 0 0 0 0 4 7 0 0 5 3 6 1 2 0 8 1 0 9 6 5 4 3 0 6 3 5 0 8 0 0 0 0 0 7 0 3 0 0 0 0 6 0 0 0 0 0 0 7 9 0 1 2 0 6 9 0 5 0 8 0 0 0 0 4 2 0 0 3 5 9 6 1 2 4 8 7 1 2 6 4 8 7 3 9 5 4 7 8 9 5 3 6 1 2 2 8 1 7 9 6 5 4 3 9 6 3 5 4 8 7 2 1 5 4 7 2 3 1 9 6 8 6 3 4 8 2 5 1 7 9 7 1 2 3 6 9 8 5 4 8 9 5 1 7 4 2 3 6 
434555443332 2 9 7 0 0 0 8 4 5 0 5 0 8 0 9 0 3 0 3 0 8 0 0 0 1 0 0 0 0 9 1 2 0 3 0 8 0 0 0 9 0 6 0 7 1 0 0 0 7 0 0 0 0 0 0 0 0 0 0 7 0 0 0 9 7 0 2 6 0 5 0 0 8 2 4 3 0 0 0 0 6 2 9 7 6 1 3 8 4 5 1 5 6 8 4 9 2 3 7 3 4 8 5 7 2 1 6 9 7 6 9 1 2 4 3 5 8 5 8 2 9 3 6 4 7 1 4 3 1 7 5 8 6 9 2 6 1 5 4 8 7 9 2 3 9 7 3 2 6 1 5 8 4 8 2 4 3 9 5 7 1 6 
434555443332 0 0 7 3 0 1 0 0 0 0 0 3 0 2 0 0 0 0 9 0 0 5 0 4 8 0 0 2 0 0 8 4 7 0 0 0 0 7 5 1 0 6 4 8 2 0 0 4 0 3 5 9 0 0 0 2 9 0 0 3 5 0 0 6 0 0 9 0 0 0 0 3 0 0 0 0 0 2 1 9 0 4 6 7 3 8 1 2 5 9 8 5 3 7 2 9 6 4 1 9 1 2 5 6 4 8 3 7 2 9 6 8 4 7 3 1 5 3 7 5 1 9 6 4 8 2 1 8 4 2 3 5 9 7 6 7 2 9 4 1 3 5 6 8 6 4 1 9 5 8 7 2 3 5 3 8 6 7 2 1 9 4 
434555444322 0 0 4 9 0 2 5 0 0 0 0 0 0 0 4 3 9 0 0 0 0 0 0 5 0 8 4 4 2 1 7 0 8 0 0 0 0 8 0 3 0 0 7 0 2 0 0 0 2 0 0 8 4 5 7 0 8 0 0 9 0 0 3 0 0 3 0 0 7 1 0 6 6 0 0 0 0 0 9 7 0 8 3 4 9 7 2 5 6 1 2 6 5 1 8 4 3 9 7 1 9 7 6 3 5 2 8 4 4 2 1 7 5 8 6 3 9 5 8 9 3 4 6 7 1 2 3 7 6 2 9 1 8 4 5 7 1 8 5 6 9 4 2 3 9 4 3 8 2 7 1 5 6 6 5 2 4 1 3 9 7 8 
434654443332 8 0 0 0 0 3 0 0 0 0 0 5 0 0 7 0 4 0 3 7 0 0 0 0 1 0 0 4 0 3 2 0 1 8 5 9 2 5 8 0 0 6 0 0 1 0 0 0 0 0 0 0 0 6 5 0 0 3 0 9 0 0 2 6 8 0 7 1 0 3 0 4 0 3 0 4 0 0 5 0 0 8 4 6 1 5 3 9 2 7 1 2 5 8 9 7 6 4 3 3 7 9 6 2 4 1 8 5 4 6 3 2 7 1 8 5 9 2 5 8 9 3 6 4 7 1 7 9 1 5 4 8 2 3 6 5 1 4 3 8 9 7 6 2 6 8 2 7 1 5 3 9 4 9 3 7 4 6 2 5 1 8 
434654444331 2 4 0 1 5 6 8 0 0 9 0 0 0 0 0 0 0 0 0 0 0 0 0 3 4 0 0 0 0 0 0 6 2 7 0 1 0 0 0 3 0 0 0 6 0 7 2 6 0 8 1 3 0 9 0 0 9 0 0 4 6 7 3 0 0 2 6 0 0 0 0 8 0 3 0 8 7 0 9 0 0 2 4 3 1 5 6 8 9 7 9 1 7 4 2 8 5 3 6 8 6 5 7 9 3 4 1 2 3 5 4 9 6 2 7 8 1 1 9 8 3 4 7 2 6 5 7 2 6 5 8 1 3 4 9 5 8 9 2 1 4 6 7 3 4 7 2 6 3 9 1 5 8 6 3 1 8 7 5 9 2 4 
434655444411 0 6 3 0 5 0 8 0 0 0 2 0 3 0 1 6 0 0 0 0 0 0 2 8 0 1 0 4 0 0 0 0 5 1 0 8 6 0 0 1 3 2 0 0 4 0 0 0 4 0 0 2 6 0 0 0 0 0 0 0 4 0 9 0 0 5 8 0 0 0 7 6 0 0 6 2 0 3 5 0 1 1 6 3 9 5 7 8 4 2 8 2 9 3 4 1 6 5 7 5 7 4 6 2 8 9 1 3 4 9 2 7 6 5 1 3 8 6 5 8 1 3 2 7 9 4 7 3 1 4 8 9 2 6 5 3 8 7 5 1 6 4 2 9 2 1 5 8 9 4 3 7 6 9 4 6 2 7 3 5 8 1 
434655543321 9 0 7 0 1 0 8 0 0 6 1 5 0 0 0 0 0 0 8 2 0 0 0 3 1 0 0 0 7 0 0 0 0 4 0 2 4 8 0 0 0 0 5 0 0 0 5 3 8 4 6 0 7 1 7 0 0 5 8 1 6 3 0 0 0 0 0 0 0 7 1 0 0 4 0 0 0 0 0 5 0 9 3 7 4 1 5 8 2 6 6 1 5 9 2 8 3 4 7 8 2 4 7 6 3 1 9 5 1 7 6 3 5 9 4 8 2 4 8 9 1 7 2 5 6 3 2 5 3 8 4 6 9 7 1 7 9 2 5 8 1 6 3 4 5 6 8 2 3 4 7 1 9 3 4 1 6 9 7 2 5 8 
434664444321 2 0 0 0 5 0 4 0 3 7 0 0 2 3 0 0 6 0 3 8 0 6 4 9 0 0 0 1 0 8 0 0 2 6 0 4 6 0 0 4 1 3 8 0 0 9 0 0 0 0 0 3 0 2 0 0 0 0 0 5 0 0 0 0 0 2 0 8 0 5 3 1 0 1 0 0 2 0 0 0 0 2 6 9 7 5 1 4 8 3 7 4 1 2 3 8 9 6 5 3 8 5 6 4 9 1 2 7 1 3 8 5 9 2 6 7 4 6 2 7 4 1 3 8 5 9 9 5 4 8 6 7 3 1 2 8 9 3 1 7 5 2 4 6 4 7 2 9 8 6 5 3 1 5 1 6 3 2 4 7 9 8 
434665444311 9 0 4 1 0 5 8 0 0 0 0 0 9 0 4 0 0 0 1 5 0 0 8 0 9 0 0 3 0 0 0 5 0 4 8 0 0 9 0 4 0 0 6 0 3 5 4 0 6 0 0 0 1 0 0 0 5 0 0 6 7 4 0 0 0 0 0 0 0 3 9 1 0 3 0 0 0 0 5 2 6 9 7 4 1 6 5 8 3 2 8 2 3 9 7 4 1 6 5 1 5 6 2 8 3 9 7 4 3 6 2 7 5 1 4 8 9 7 9 1 4 2 8 6 5 3 5 4 8 6 3 9 2 1 7 2 1 5 3 9 6 7 4 8 6 8 7 5 4 2 3 9 1 4 3 9 8 1 7 5 2 6 
434665543221 0 0 0 6 0 0 1 8 9 0 8 0 0 1 5 7 2 6 0 0 6 0 0 0 4 3 0 0 2 0 0 0 0 0 9 3 0 6 0 0 5 0 2 0 0 3 0 9 8 0 0 0 0 0 0 0 2 0 0 8 9 0 0 0 0 0 2 0 6 8 4 1 0 0 1 0 9 0 0 6 2 7 3 5 6 4 2 1 8 9 9 8 4 3 1 5 7 2 6 2 1 6 7 8 9 4 3 5 1 2 8 4 6 7 5 9 3 4 6 7 9 5 3 2 1 8 3 5 9 8 2 1 6 7 4 6 4 2 1 3 8 9 5 7 5 9 3 2 7 6 8 4 1 8 7 1 5 9 4 3 6 2 
434666443221 6 0 0 0 3 1 0 0 7 7 1 3 9 0 0 0 0 8 0 4 0 0 8 7 0 1 3 0 9 0 0 6 0 1 0 0 0 6 0 0 0 0 8 0 0 0 3 0 0 0 0 0 2 6 1 5 0 0 0 3 7 0 2 0 7 9 1 0 0 0 0 4 0 0 0 7 0 8 3 0 0 6 8 2 5 3 1 9 4 7 7 1 3 9 4 2 6 5 8 9 4 5 6 8 7 2 1 3 8 9 7 2 6 4 1 3 5 2 6 4 3 1 5 8 7 9 5 3 1 8 7 9 4 2 6 1 5 8 4 9 3 7 6 2 3 7 9 1 2 6 5 8 4 4 2 6 7 5 8 3 9 1 
434666543211 0 8 4 7 5 1 0 0 2 0 0 2 3 0 6 0 0 7 6 7 0 0 9 0 0 0 0 0 0 7 0 6 3 0 2 9 0 0 3 9 0 0 7 6 0 9 0 0 0 0 0 3 0 1 0 0 0 0 3 0 9 7 0 2 0 0 6 0 0 8 0 3 0 0 0 0 0 8 0 0 6 3 8 4 7 5 1 6 9 2 5 9 2 3 4 6 1 8 7 6 7 1 8 9 2 5 3 4 8 5 7 1 6 3 4 2 9 4 1 3 9 2 5 7 6 8 9 2 6 4 8 7 3 5 1 1 6 8 2 3 4 9 7 5 2 4 5 6 7 9 8 1 3 7 3 9 5 1 8 2 4 6 
434754433332 0 1 0 0 0 0 5 2 0 7 9 2 0 6 5 0 0 0 3 5 0 0 0 7 0 9 0 0 0 0 6 8 0 0 3 9 0 0 3 0 0 9 0 0 0 0 8 0 3 5 0 0 0 0 0 7 0 1 0 4 0 6 3 0 0 1 0 3 0 0 0 0 2 3 0 5 0 6 8 0 4 6 1 4 8 9 3 5 2 7 7 9 2 4 6 5 3 8 1 3 5 8 2 1 7 4 9 6 5 4 7 6 8 2 1 3 9 1 2 3 7 4 9 6 5 8 9 8 6 3 5 1 7 4 2 8 7 5 1 2 4 9 6 3 4 6 1 9 3 8 2 7 5 2 3 9 5 7 6 8 1 4 
434755433322 0 0 0 9 6 1 0 8 4 0 4 0 7 0 5 0 0 1 9 0 0 0 0 0 5 0 6 0 0 4 6 0 9 1 0 0 1 0 0 0 8 0 0 0 0 6 0 0 1 0 3 8 0 0 7 6 5 2 0 0 0 0 0 0 9 0 3 0 7 6 5 0 0 0 2 0 0 6 9 0 0 2 5 3 9 6 1 7 8 4 8 4 6 7 3 5 2 9 1 9 7 1 4 2 8 5 3 6 5 8 4 6 7 9 1 2 3 1 3 7 5 8 2 4 6 9 6 2 9 1 4 3 8 7 5 7 6 5 2 9 4 3 1 8 4 9 8 3 1 7 6 5 2 3 1 2 8 5 6 9 4 7 
434765433222 1 0 0 0 0 0 0 5 0 0 0 0 3 2 1 8 0 0 0 2 9 0 7 5 0 4 0 5 6 8 0 1 0 0 0 4 7 0 0 0 5 0 0 9 0 0 0 0 0 0 7 5 0 0 0 7 4 0 6 0 0 0 5 0 0 0 7 9 4 0 2 3 0 0 0 5 0 0 4 1 7 1 8 3 6 4 9 7 5 2 4 5 7 3 2 1 8 6 9 6 2 9 8 7 5 3 4 1 5 6 8 9 1 3 2 7 4 7 3 2 4 5 6 1 9 8 9 4 1 2 8 7 5 3 6 3 7 4 1 6 2 9 8 5 8 1 5 7 9 4 6 2 3 2 9 6 5 3 8 4 1 7 
434765443221 4 2 8 9 6 0 0 1 3 5 0 0 0 0 1 0 0 0 1 0 0 2 0 4 6 0 0 0 0 0 5 0 9 0 4 0 0 4 0 3 0 6 1 0 0 7 0 0 0 4 0 0 9 6 0 0 4 0 0 0 9 6 0 0 0 1 0 0 3 4 0 8 0 5 0 0 0 0 0 3 1 4 2 8 9 6 5 7 1 3 5 6 9 7 3 1 8 2 4 1 3 7 2 8 4 6 5 9 6 8 2 5 1 9 3 4 7 9 4 5 3 7 6 1 8 2 7 1 3 8 4 2 5 9 6 3 7 4 1 2 8 9 6 5 2 9 1 6 5 3 4 7 8 8 5 6 4 9 7 2 3 1 
434765444220 8 0 0 0 2 4 0 0 6 7 0 0 0 1 5 0 0 0 2 1 4 7 0 6 0 0 0 6 0 0 0 0 1 0 7 9 9 4 0 0 7 0 6 5 0 0 8 0 0 0 0 0 2 0 0 2 9 1 0 0 0 6 7 0 6 0 0 0 7 0 0 1 0 7 0 0 4 0 9 0 0 8 5 3 9 2 4 7 1 6 7 9 6 8 1 5 2 3 4 2 1 4 7 3 6 8 9 5 6 3 2 5 8 1 4 7 9 9 4 1 3 7 2 6 5 8 5 8 7 4 6 9 1 2 3 4 2 9 1 5 8 3 6 7 3 6 8 2 9 7 5 4 1 1 7 5 6 4 3 9 8 2 
434774333322 2 0 0 0 0 0 5 0 3 5 0 0 0 0 0 0 2 8 8 9 0 5 2 3 0 0 0 0 0 0 0 3 9 1 5 0 3 5 6 0 0 7 0 0 0 0 0 0 4 0 0 3 0 7 4 0 0 3 0 5 0 0 9 0 0 5 0 6 4 0 0 1 6 7 0 0 9 0 0 3 0 2 4 7 9 8 6 5 1 3 5 6 3 7 4 1 9 2 8 8 9 1 5 2 3 7 4 6 7 8 4 6 3 9 1 5 2 3 5 6 2 1 7 8 9 4 1 2 9 4 5 8 3 6 7 4 1 2 3 7 5 6 8 9 9 3 5 8 6 4 2 7 1 6 7 8 1 9 2 4 3 5 
434854433322 6 0 0 7 0 5 0 0 0 0 8 5 3 2 1 9 0 7 7 0 2 9 0 0 3 0 0 5 2 0 0 0 0 0 1 0 0 0 0 0 0 0 0 0 2 1 4 0 2 0 6 0 9 0 3 0 0 0 0 2 0 0 6 2 5 0 0 0 0 8 0 9 0 0 4 6 5 0 0 2 0 6 3 9 7 4 5 2 8 1 4 8 5 3 2 1 9 6 7 7 1 2 9 6 8 3 5 4 5 2 7 4 9 3 6 1 8 9 6 8 5 1 7 4 3 2 1 4 3 2 8 6 7 9 5 3 9 1 8 7 2 5 4 6 2 5 6 1 3 4 8 7 9 8 7 4 6 5 9 1 2 3 
435555443333 0 5 0 0 0 0 0 8 0 0 0 0 0 8 0 0 0 0 4 7 0 0 5 3 6 1 2 0 8 1 0 9 6 5 4 3 0 6 3 5 0 8 0 0 0 0 0 7 0 3 0 0 0 0 6 0 0 0 0 0 0 7 9 7 1 2 0 6 9 0 5 0 8 0 0 0 0 4 2 0 0 3 5 9 6 1 2 4 8 7 1 2 6 4 8 7 3 9 5 4 7 8 9 5 3 6 1 2 2 8 1 7 9 6 5 4 3 9 6 3 5 4 8 7 2 1 5 4 7 2 3 1 9 6 8 6 3 4 8 2 5 1 7 9 7 1 2 3 6 9 8 5 4 8 9 5 1 7 4 2 3 6 
435555444332 0 0 4 9 0 2 5 6 0 0 0 0 0 0 4 3 9 0 0 0 0 0 0 5 0 8 4 4 2 1 7 0 8 0 0 0 0 8 0 3 0 0 7 0 2 0 0 0 2 0 0 8 4 5 7 0 8 0 0 9 0 0 3 0 0 3 0 0 7 1 0 6 6 0 0 0 0 0 9 7 0 8 3 4 9 7 2 5 6 1 2 6 5 1 8 4 3 9 7 1 9 7 6 3 5 2 8 4 4 2 1 7 5 8 6 3 9 5 8 9 3 4 6 7 1 2 3 7 6 2 9 1 8 4 5 7 1 8 5 6 9 4 2 3 9 4 3 8 2 7 1 5 6 6 5 2 4 1 3 9 7 8 
435654443333 0 0 1 0 0 0 0 3 0 9 0 0 7 0 0 4 5 1 0 5 0 0 0 1 7 0 8 8 3 0 0 0 5 6 0 0 0 0 0 0 3 0 0 0 5 0 1 9 6 4 0 0 8 7 3 0 5 0 0 0 1 0 2 0 0 0 2 0 9 5 4 0 0 2 4 0 0 0 0 6 9 7 8 1 9 5 4 2 3 6 9 6 3 7 2 8 4 5 1 4 5 2 3 6 1 7 9 8 8 3 7 1 9 5 6 2 4 2 4 6 8 3 7 9 1 5 5 1 9 6 4 2 3 8 7 3 9 5 4 8 6 1 7 2 6 7 8 2 1 9 5 4 3 1 2 4 5 7 3 8 6 9 
435654444332 4 0 9 5 0 1 6 3 0 2 5 6 0 3 0 0 0 1 1 0 0 0 0 7 0 5 9 8 4 1 0 7 6 9 2 0 6 0 5 0 0 0 0 0 0 0 0 0 0 4 0 8 0 0 0 1 8 0 0 0 0 9 0 0 2 4 0 0 0 0 0 3 0 6 0 2 0 0 1 0 0 4 7 9 5 2 1 6 3 8 2 5 6 8 3 9 4 7 1 1 8 3 4 6 7 2 5 9 8 4 1 3 7 6 9 2 5 6 9 5 1 8 2 3 4 7 7 3 2 9 4 5 8 1 6 3 1 8 6 5 4 7 9 2 9 2 4 7 1 8 5 6 3 5 6 7 2 9 3 1 8 4 
435655443332 0 0 7 0 0 0 0 0 6 0 0 0 3 1 0 9 0 0 8 0 0 0 0 4 0 3 0 9 8 4 7 0 0 5 0 3 7 0 0 9 0 0 6 2 4 5 0 2 0 0 3 0 8 0 1 0 3 4 0 6 8 0 0 6 2 8 0 0 0 0 0 0 4 7 5 0 0 0 3 0 0 3 5 7 2 8 9 1 4 6 2 4 6 3 1 5 9 7 8 8 1 9 6 7 4 2 3 5 9 8 4 7 6 2 5 1 3 7 3 1 9 5 8 6 2 4 5 6 2 1 4 3 7 8 9 1 9 3 4 2 6 8 5 7 6 2 8 5 3 7 4 9 1 4 7 5 8 9 1 3 6 2 
435655443332 0 9 5 0 0 1 8 7 2 0 3 0 0 0 7 5 0 0 4 0 7 8 0 0 1 0 0 0 0 0 5 0 0 7 0 1 0 0 9 0 0 0 2 0 0 8 7 0 0 0 0 6 5 0 2 0 1 0 9 3 4 8 6 0 0 0 1 6 0 9 0 0 9 0 0 0 0 0 3 1 0 6 9 5 4 3 1 8 7 2 1 3 8 9 2 7 5 6 4 4 2 7 8 5 6 1 9 3 3 6 2 5 8 9 7 4 1 5 1 9 6 7 4 2 3 8 8 7 4 3 1 2 6 5 9 2 5 1 7 9 3 4 8 6 7 4 3 1 6 8 9 2 5 9 8 6 2 4 5 3 1 7 
435655444331 2 4 0 1 5 6 8 0 0 9 0 0 0 0 0 0 0 0 0 0 0 0 0 3 4 0 0 0 0 0 0 6 2 7 0 1 0 0 0 3 0 0 0 6 0 7 2 6 0 8 1 3 0 9 0 0 9 0 0 4 6 7 3 0 0 2 6 0 9 0 0 8 0 3 0 8 7 0 9 0 0 2 4 3 1 5 6 8 9 7 9 1 7 4 2 8 5 3 6 8 6 5 7 9 3 4 1 2 3 5 4 9 6 2 7 8 1 1 9 8 3 4 7 2 6 5 7 2 6 5 8 1 3 4 9 5 8 9 2 1 4 6 7 3 4 7 2 6 3 9 1 5 8 6 3 1 8 7 5 9 2 4 
435665443322 2 0 4 0 0 7 0 1 3 0 3 0 2 1 0 0 7 4 1 7 5 0 0 0 8 0 0 0 0 0 7 3 0 0 0 0 7 0 0 0 0 6 0 3 8 0 0 9 1 2 0 7 5 6 0 0 0 0 9 2 3 0 0 9 6 0 3 0 1 0 0 5 0 0 0 0 0 0 0 9 0 2 9 4 5 8 7 6 1 3 6 3 8 2 1 9 5 7 4 1 7 5 4 6 3 8 2 9 5 1 6 7 3 8 9 4 2 7 4 2 9 5 6 1 3 8 3 8 9 1 2 4 7 5 6 4 5 1 8 9 2 3 6 7 9 6 7 3 4 1 2 8 5 8 2 3 6 7 5 4 9 1 
435665443322 0 0 0 0 9 3 0 0 0 5 4 0 0 8 0 0 0 2 0 0 0 4 2 0 0 0 1 2 0 0 0 6 0 0 0 0 0 0 4 5 0 8 0 0 0 3 5 0 1 4 2 6 0 0 4 2 0 8 0 7 3 0 9 0 0 3 0 0 4 2 8 0 0 9 5 0 3 0 0 1 7 6 1 2 7 9 3 8 4 5 5 4 9 6 8 1 7 3 2 7 3 8 4 2 5 9 6 1 2 8 1 3 6 9 5 7 4 9 6 4 5 7 8 1 2 3 3 5 7 1 4 2 6 9 8 4 2 6 8 1 7 3 5 9 1 7 3 9 5 4 2 8 6 8 9 5 2 3 6 4 1 7 
435665443331 4 0 7 3 2 1 0 0 8 0 8 1 0 4 0 0 2 0 0 3 0 0 0 6 7 4 0 5 0 0 0 3 0 0 1 0 1 4 0 7 0 0 8 5 3 0 2 3 0 0 8 0 0 4 0 6 0 0 0 5 0 0 0 0 0 0 2 0 3 0 0 0 0 1 0 4 6 9 0 0 0 4 5 7 3 2 1 9 6 8 6 8 1 9 4 7 3 2 5 2 3 9 5 8 6 7 4 1 5 7 8 6 3 4 2 1 9 1 4 6 7 9 2 8 5 3 9 2 3 1 5 8 6 7 4 3 6 4 8 7 5 1 9 2 7 9 5 2 1 3 4 8 6 8 1 2 4 6 9 5 3 7 
435665533322 7 0 0 0 0 4 6 0 0 6 0 0 1 0 0 0 0 2 9 0 5 0 2 0 0 0 8 8 2 6 7 0 0 5 9 4 0 0 0 4 0 0 1 0 7 0 0 7 0 0 0 2 8 3 4 0 0 9 0 0 0 2 6 3 7 0 0 6 0 0 0 5 2 0 0 0 4 0 7 0 0 7 3 2 8 5 4 6 1 9 6 8 4 1 7 9 3 5 2 9 1 5 3 2 6 4 7 8 8 2 6 7 1 3 5 9 4 5 9 3 4 8 2 1 6 7 1 4 7 6 9 5 2 8 3 4 5 1 9 3 7 8 2 6 3 7 8 2 6 1 9 4 5 2 6 9 5 4 8 7 3 1 
435665543321 9 0 7 0 1 0 8 0 0 6 1 5 0 0 0 0 0 0 8 2 0 0 0 3 1 0 0 0 7 0 0 0 0 4 0 2 4 8 0 0 0 0 5 0 0 0 5 3 8 4 6 0 7 1 7 0 0 5 8 1 6 3 0 0 0 8 0 0 0 7 1 0 0 4 0 0 0 0 0 5 0 9 3 7 4 1 5 8 2 6 6 1 5 9 2 8 3 4 7 8 2 4 7 6 3 1 9 5 1 7 6 3 5 9 4 8 2 4 8 9 1 7 2 5 6 3 2 5 3 8 4 6 9 7 1 7 9 2 5 8 1 6 3 4 5 6 8 2 3 4 7 1 9 3 4 1 6 9 7 2 5 8 
435665553221 0 0 0 6 0 0 1 8 9 0 8 0 0 1 5 7 2 6 0 0 6 0 0 0 4 3 0 0 2 0 0 0 0 0 9 3 0 6 0 0 5 0 2 1 0 3 0 9 8 0 0 0 0 0 0 0 2 0 0 8 9 0 0 0 0 0 2 0 6 8 4 1 0 0 1 0 9 0 0 6 2 7 3 5 6 4 2 1 8 9 9 8 4 3 1 5 7 2 6 2 1 6 7 8 9 4 3 5 1 2 8 4 6 7 5 9 3 4 6 7 9 5 3 2 1 8 3 5 9 8 2 1 6 7 4 6 4 2 1 3 8 9 5 7 5 9 3 2 7 6 8 4 1 8 7 1 5 9 4 3 6 2 
435666543221 6 8 0 0 3 1 0 0 7 7 1 3 9 0 0 0 0 8 0 4 0 0 8 7 0 1 3 0 9 0 0 6 0 1 0 0 0 6 0 0 0 0 8 0 0 0 3 0 0 0 0 0 2 6 1 5 0 0 0 3 7 0 2 0 7 9 1 0 0 0 0 4 0 0 0 7 0 8 3 0 0 6 8 2 5 3 1 9 4 7 7 1 3 9 4 2 6 5 8 9 4 5 6 8 7 2 1 3 8 9 7 2 6 4 1 3 5 2 6 4 3 1 5 8 7 9 5 3 1 8 7 9 4 2 6 1 5 8 4 9 3 7 6 2 3 7 9 1 2 6 5 8 4 4 2 6 7 5 8 3 9 1 
435755433332 0 0 0 9 6 1 0 8 4 0 4 0 7 0 5 0 0 1 9 0 0 0 0 0 5 0 6 0 0 4 6 0 9 1 0 0 1 0 0 0 8 0 0 0 0 6 0 0 1 0 3 8 0 0 7 6 5 2 0 0 0 0 0 0 9 0 3 0 7 6 5 0 3 0 2 0 0 6 9 0 0 2 5 3 9 6 1 7 8 4 8 4 6 7 3 5 2 9 1 9 7 1 4 2 8 5 3 6 5 8 4 6 7 9 1 2 3 1 3 7 5 8 2 4 6 9 6 2 9 1 4 3 8 7 5 7 6 5 2 9 4 3 1 8 4 9 8 3 1 7 6 5 2 3 1 2 8 5 6 9 4 7 
435755444411 0 6 3 0 5 0 8 0 0 0 2 0 3 0 1 6 0 0 0 0 0 0 2 8 0 1 0 4 0 0 0 0 5 1 0 8 6 0 0 1 3 2 0 0 4 0 0 0 4 0 0 2 6 0 0 0 0 0 0 6 4 0 9 0 0 5 8 0 0 0 7 6 0 0 6 2 0 3 5 0 1 1 6 3 9 5 7 8 4 2 8 2 9 3 4 1 6 5 7 5 7 4 6 2 8 9 1 3 4 9 2 7 6 5 1 3 8 6 5 8 1 3 2 7 9 4 7 3 1 4 8 9 2 6 5 3 8 7 5 1 6 4 2 9 2 1 5 8 9 4 3 7 6 9 4 6 2 7 3 5 8 1 
435765443321 2 0 0 0 7 6 0 0 1 0 1 0 0 4 0 0 0 7 0 7 8 3 0 0 0 0 0 1 0 0 0 0 0 5 2 0 0 5 0 1 0 0 4 0 0 7 2 4 0 8 0 0 3 6 0 6 2 0 1 0 0 0 5 0 0 7 0 2 0 0 1 3 9 0 1 0 5 0 2 0 4 2 9 5 8 7 6 3 4 1 6 1 3 2 4 5 8 9 7 4 7 8 3 9 1 6 5 2 1 3 9 4 6 7 5 2 8 8 5 6 1 3 2 4 7 9 7 2 4 5 8 9 1 3 6 3 6 2 9 1 4 7 8 5 5 4 7 6 2 8 9 1 3 9 8 1 7 5 3 2 6 4 
435765443321 0 0 0 5 6 0 0 3 0 3 9 0 8 0 0 2 0 0 0 0 6 0 0 9 0 1 0 9 5 4 6 7 0 8 0 3 0 0 3 0 8 5 0 7 9 0 1 8 0 0 0 0 0 5 0 0 0 7 3 0 0 9 0 0 7 0 9 5 0 3 0 4 0 0 9 0 4 0 0 0 0 1 2 7 5 6 4 9 3 8 3 9 5 8 1 7 2 4 6 4 8 6 3 2 9 5 1 7 9 5 4 6 7 1 8 2 3 2 6 3 4 8 5 1 7 9 7 1 8 2 9 3 4 6 5 5 4 2 7 3 8 6 9 1 6 7 1 9 5 2 3 8 4 8 3 9 1 4 6 7 5 2 
435765444311 0 0 6 5 0 0 0 0 4 0 3 0 0 0 0 0 6 0 0 5 0 1 6 0 0 0 0 3 0 0 2 8 5 0 4 7 0 2 0 0 1 9 0 3 5 0 6 5 7 4 3 2 0 0 1 0 0 0 0 0 3 0 2 5 4 0 0 0 2 0 7 0 0 0 0 3 7 0 0 5 0 2 7 6 5 3 8 9 1 4 4 3 1 9 2 7 5 6 8 9 5 8 1 6 4 7 2 3 3 1 9 2 8 5 6 4 7 7 2 4 6 1 9 8 3 5 8 6 5 7 4 3 2 9 1 1 9 7 4 5 6 3 8 2 5 4 3 8 9 2 1 7 6 6 8 2 3 7 1 4 5 9 
435765444311 9 0 4 1 0 5 8 0 0 0 0 0 9 0 4 0 0 0 1 5 0 0 8 0 9 0 0 3 0 0 0 5 0 4 8 0 0 9 0 4 0 0 6 5 3 5 4 0 6 0 0 0 1 0 0 0 5 0 0 6 7 4 0 0 0 0 0 0 0 3 9 1 0 3 0 0 0 0 5 2 6 9 7 4 1 6 5 8 3 2 8 2 3 9 7 4 1 6 5 1 5 6 2 8 3 9 7 4 3 6 2 7 5 1 4 8 9 7 9 1 4 2 8 6 5 3 5 4 8 6 3 9 2 1 7 2 1 5 3 9 6 7 4 8 6 8 7 5 4 2 3 9 1 4 3 9 8 1 7 5 2 6 
435854443322 0 0 7 3 4 0 5 1 0 3 1 9 5 8 0 0 4 0 4 0 0 1 9 0 3 0 7 0 6 8 0 0 0 0 0 3 0 0 4 0 0 3 6 0 0 0 9 3 0 0 0 0 2 0 9 3 0 0 0 0 0 0 0 0 0 2 0 0 1 0 0 8 6 8 0 9 0 0 0 3 2 8 2 7 3 4 6 5 1 9 3 1 9 5 8 7 2 4 6 4 5 6 1 9 2 3 8 7 5 6 8 4 2 9 1 7 3 2 7 4 8 1 3 6 9 5 1 9 3 7 6 5 8 2 4 9 3 5 2 7 8 4 6 1 7 4 2 6 3 1 9 5 8 6 8 1 9 5 4 7 3 2 
436654444333 6 0 1 3 0 0 0 5 4 0 0 8 4 0 7 0 0 6 0 0 3 0 0 0 0 2 0 3 8 9 1 7 4 5 6 2 0 0 0 0 0 0 0 0 7 0 0 6 0 0 3 4 0 1 8 0 5 0 4 0 1 9 3 0 0 0 5 3 0 2 0 0 0 0 0 0 0 9 0 7 0 6 7 1 3 9 2 8 5 4 2 9 8 4 5 7 3 1 6 5 4 3 6 1 8 7 2 9 3 8 9 1 7 4 5 6 2 4 1 2 8 6 5 9 3 7 7 5 6 9 2 3 4 8 1 8 2 5 7 4 6 1 9 3 9 6 7 5 3 1 2 4 8 1 3 4 2 8 9 6 7 5 
436655544331 5 0 0 0 0 8 4 1 6 4 2 1 0 0 6 7 0 0 0 7 6 4 3 1 0 0 0 0 8 0 0 0 0 0 0 4 0 0 0 0 0 2 6 0 1 0 6 0 0 0 3 2 5 0 0 1 0 3 0 0 8 0 0 0 5 8 0 0 4 0 6 0 9 0 3 8 0 7 0 2 0 5 3 9 2 7 8 4 1 6 4 2 1 9 5 6 7 3 8 8 7 6 4 3 1 5 9 2 2 8 5 6 1 9 3 7 4 3 9 7 5 4 2 6 8 1 1 6 4 7 8 3 2 5 9 6 1 2 3 9 5 8 4 7 7 5 8 1 2 4 9 6 3 9 4 3 8 6 7 1 2 5 
436655544331 2 4 0 1 5 6 8 0 0 9 0 0 0 0 8 0 0 0 0 0 0 0 0 3 4 0 0 0 0 0 0 6 2 7 0 1 0 0 0 3 0 0 0 6 0 7 2 6 0 8 1 3 0 9 0 0 9 0 0 4 6 7 3 0 0 2 6 0 9 0 0 8 0 3 0 8 7 0 9 0 0 2 4 3 1 5 6 8 9 7 9 1 7 4 2 8 5 3 6 8 6 5 7 9 3 4 1 2 3 5 4 9 6 2 7 8 1 1 9 8 3 4 7 2 6 5 7 2 6 5 8 1 3 4 9 5 8 9 2 1 4 6 7 3 4 7 2 6 3 9 1 5 8 6 3 1 8 7 5 9 2 4 
436665543331 9 0 7 0 1 0 8 0 0 6 1 5 0 0 0 0 0 0 8 2 0 0 0 3 1 0 0 0 7 0 0 0 0 4 0 2 4 8 0 0 0 0 5 0 0 2 5 3 8 4 6 0 7 1 7 0 0 5 8 1 6 3 0 0 0 8 0 0 0 7 1 0 0 4 0 0 0 0 0 5 0 9 3 7 4 1 5 8 2 6 6 1 5 9 2 8 3 4 7 8 2 4 7 6 3 1 9 5 1 7 6 3 5 9 4 8 2 4 8 9 1 7 2 5 6 3 2 5 3 8 4 6 9 7 1 7 9 2 5 8 1 6 3 4 5 6 8 2 3 4 7 1 9 3 4 1 6 9 7 2 5 8 
436755443332 0 0 0 9 6 1 0 8 4 8 4 0 7 0 5 0 0 1 9 0 0 0 0 0 5 0 6 0 0 4 6 0 9 1 0 0 1 0 0 0 8 0 0 0 0 6 0 0 1 0 3 8 0 0 7 6 5 2 0 0 0 0 0 0 9 0 3 0 7 6 5 0 3 0 2 0 0 6 9 0 0 2 5 3 9 6 1 7 8 4 8 4 6 7 3 5 2 9 1 9 7 1 4 2 8 5 3 6 5 8 4 6 7 9 1 2 3 1 3 7 5 8 2 4 6 9 6 2 9 1 4 3 8 7 5 7 6 5 2 9 4 3 1 8 4 9 8 3 1 7 6 5 2 3 1 2 8 5 6 9 4 7 
436765443322 2 0 4 0 0 7 0 1 3 0 3 0 2 1 0 0 7 4 1 7 5 0 0 0 8 0 0 0 0 0 7 3 0 0 0 0 7 0 0 0 0 6 0 3 8 3 0 9 1 2 0 7 5 6 0 0 0 0 9 2 3 0 0 9 6 0 3 0 1 0 0 5 0 0 0 0 0 0 0 9 0 2 9 4 5 8 7 6 1 3 6 3 8 2 1 9 5 7 4 1 7 5 4 6 3 8 2 9 5 1 6 7 3 8 9 4 2 7 4 2 9 5 6 1 3 8 3 8 9 1 2 4 7 5 6 4 5 1 8 9 2 3 6 7 9 6 7 3 4 1 2 8 5 8 2 3 6 7 5 4 9 1 
436854444331 0 0 0 0 4 0 0 6 5 0 4 0 5 0 6 9 3 0 0 5 0 0 0 0 4 0 0 9 0 0 0 8 3 5 0 0 0 6 3 1 5 0 7 0 0 4 7 5 0 0 0 0 8 1 5 0 0 4 2 1 0 7 0 0 0 0 0 7 9 0 0 0 0 8 0 0 3 5 1 9 0 1 9 2 3 4 7 8 6 5 7 4 8 5 1 6 9 3 2 3 5 6 2 9 8 4 1 7 9 2 1 7 8 3 5 4 6 8 6 3 1 5 4 7 2 9 4 7 5 9 6 2 3 8 1 5 3 9 4 2 1 6 7 8 6 1 4 8 7 9 2 5 3 2 8 7 6 3 5 1 9 4 
437655544332 5 0 0 0 0 8 4 1 6 4 2 1 0 0 6 7 0 0 0 7 6 4 3 1 0 0 0 0 8 0 0 0 0 0 0 4 0 9 0 0 0 2 6 0 1 0 6 0 0 0 3 2 5 0 0 1 0 3 0 0 8 0 0 0 5 8 0 0 4 0 6 0 9 0 3 8 0 7 0 2 0 5 3 9 2 7 8 4 1 6 4 2 1 9 5 6 7 3 8 8 7 6 4 3 1 5 9 2 2 8 5 6 1 9 3 7 4 3 9 7 5 4 2 6 8 1 1 6 4 7 8 3 2 5 9 6 1 2 3 9 5 8 4 7 7 5 8 1 2 4 9 6 3 9 4 3 8 6 7 1 2 5 
437655554331 2 4 0 1 5 6 8 0 0 9 0 0 0 0 8 0 0 0 0 0 0 0 0 3 4 0 0 0 0 0 0 6 2 7 0 1 0 0 0 3 0 0 0 6 0 7 2 6 0 8 1 3 0 9 0 0 9 0 0 4 6 7 3 0 7 2 6 0 9 0 0 8 0 3 0 8 7 0 9 0 0 2 4 3 1 5 6 8 9 7 9 1 7 4 2 8 5 3 6 8 6 5 7 9 3 4 1 2 3 5 4 9 6 2 7 8 1 1 9 8 3 4 7 2 6 5 7 2 6 5 8 1 3 4 9 5 8 9 2 1 4 6 7 3 4 7 2 6 3 9 1 5 8 6 3 1 8 7 5 9 2 4 
438765543332 8 6 2 0 4 0 0 0 0 3 0 9 7 2 0 0 0 6 0 0 0 0 9 0 2 3 0 5 0 0 4 0 0 6 9 0 2 0 1 0 0 0 8 7 0 0 9 0 2 8 0 1 0 3 9 0 5 1 7 4 3 0 0 0 1 0 0 3 0 0 0 9 0 0 0 9 0 6 0 2 1 8 6 2 3 4 5 9 1 7 3 5 9 7 2 1 4 8 6 1 4 7 6 9 8 2 3 5 5 7 8 4 1 3 6 9 2 2 3 1 5 6 9 8 7 4 6 9 4 2 8 7 1 5 3 9 2 5 1 7 4 3 6 8 7 1 6 8 3 2 5 4 9 4 8 3 9 5 6 7 2 1 
438765543332 2 0 4 0 0 7 0 1 3 0 3 0 2 1 0 0 7 4 1 7 5 0 0 0 8 0 0 0 0 0 7 3 0 0 4 0 7 0 0 0 0 6 0 3 8 3 0 9 1 2 0 7 5 6 0 0 0 0 9 2 3 0 0 9 6 0 3 0 1 0 0 5 0 2 0 0 0 0 0 9 0 2 9 4 5 8 7 6 1 3 6 3 8 2 1 9 5 7 4 1 7 5 4 6 3 8 2 9 5 1 6 7 3 8 9 4 2 7 4 2 9 5 6 1 3 8 3 8 9 1 2 4 7 5 6 4 5 1 8 9 2 3 6 7 9 6 7 3 4 1 2 8 5 8 2 3 6 7 5 4 9 1 
439765544332 8 6 2 0 4 0 0 0 0 3 0 9 7 2 0 0 0 6 0 0 0 0 9 8 2 3 0 5 0 0 4 0 0 6 9 0 2 0 1 0 0 0 8 7 0 0 9 0 2 8 0 1 0 3 9 0 5 1 7 4 3 0 0 0 1 0 0 3 0 0 0 9 0 0 0 9 0 6 0 2 1 8 6 2 3 4 5 9 1 7 3 5 9 7 2 1 4 8 6 1 4 7 6 9 8 2 3 5 5 7 8 4 1 3 6 9 2 2 3 1 5 6 9 8 7 4 6 9 4 2 8 7 1 5 3 9 2 5 1 7 4 3 6 8 7 1 6 8 3 2 5 4 9 4 8 3 9 5 6 7 2 1 
